0
1
2500
0.677997
0.229997
0.854777
0.00356905
0.0304779
0.594125
0.244322
0.568602
0.0694073
0.662618
0.837341
0.805728
0.992803
0.325311
0.508234
0.117652
0.616545
0.87542
0.529657
0.507257
0.0744708
0.374094
0.84062
0.712893
0.253651
0.378602
0.0394221
0.806483
0.658474
0.0196279
0.23217
0.673053
0.620471
0.87255
0.862925
0.754561
0.575524
0.578327
0.334285
0.930352
0.730008
0.707308
0.263666
0.671396
0.908291
0.00306541
0.606124
0.730831
0.601882
0.143595
0.568936
0.2467
0.547573
0.582478
0.341482
0.2318
0.634894
0.775282
0.415196
0.965644
0.696549
0.75987
0.0945129
0.495627
0.10685
0.440606
0.0475225
0.281879
0.524567
0.749938
0.102006
0.184576
0.647654
0.5076
0.593722
0.275234
0.613017
0.183743
0.149221
0.898191
0.81604
0.686911
0.392602
0.483523
0.590131
0.610185
0.864708
0.510373
0.367795
0.379095
0.269614
0.210584
0.262109
0.254718
0.0897731
0.183982
0.317543
0.156919
0.375811
0.510551
0.241101
0.485413
0.515219
0.308784
0.713001
0.721683
0.12093
0.924302
0.494024
0.514326
0.468249
0.534508
0.7594
0.899199
0.572562
0.590647
0.428803
0.907169
0.756004
0.377493
0.392363
0.855523
0.875454
0.294593
0.208432
0.903325
0.953559
0.653832
0.530366
0.506255
0.446317
0.755164
0.168861
0.0228409
0.81248
0.745437
0.532815
0.521221
0.767958
0.648866
0.893686
0.529932
0.975438
0.692951
0.792607
0.692806
0.919013
0.471274
0.691954
0.770853
0.886483
0.0834834
0.574259
0.31708
0.479335
0.965821
0.366525
0.453305
0.0861857
0.428985
0.132313
0.969753
0.729961
0.439786
0.159887
0.151546
0.89173
0.989747
0.034661
0.0432139
0.0866163
0.889905
0.865156
0.998799
0.81818
0.236461
0.544853
0.503614
0.84758
0.469683
0.0441902
0.500692
0.731612
0.765066
0.288947
0.921857
0.152905
0.891385
0.880584
0.17666
0.719206
0.390511
0.815018
0.485174
0.628237
0.846947
0.220987
0.875787
0.872274
0.0447385
0.0534309
0.440073
0.726843
0.533467
0.37355
0.368379
0.599307
0.949867
0.757204
0.950346
0.197403
0.311151
0.443854
0.839841
0.142173
0.778308
0.977014
0.470012
0.209961
0.0596889
0.454178
0.393938
0.658662
0.761646
0.561816
0.302225
0.823373
0.765039
0.747081
0.523158
0.96911
0.570507
0.836723
0.0990321
0.379493
0.0378273
0.53751
0.800249
0.51462
0.465438
0.587567
0.875342
0.7937
0.144052
0.907865
0.647983
0.101926
0.414832
0.352934
0.615276
0.32379
0.501044
0.40426
0.640052
0.98798
0.644544
0.840953
0.823324
0.937437
0.205615
0.974489
0.716372
0.388828
0.783234
0.732751
0.350354
0.792074
0.893568
0.275456
0.420256
0.0542062
0.0110166
0.074822
0.932313
0.217755
0.812916
0.478439
0.382813
0.934613
0.98527
0.72278
0.507997
0.884858
0.540568
0.341078
0.514974
0.984361
0.734272
0.356489
0.700996
0.146147
0.25012
0.278721
0.428393
0.74704
0.506592
0.0967122
0.907772
0.245499
0.343175
0.470472
0.401452
0.949528
0.908728
0.911707
0.174208
0.798387
0.274881
0.8295
0.431679
0.604589
0.170766
0.784292
0.263092
0.180832
0.533121
0.419489
0.232098
0.871981
0.722645
0.933655
0.413445
0.553553
0.0510811
0.536572
0.302309
0.257879
0.231665
0.116972
0.321729
0.70828
0.211005
0.0344577
0.547653
0.30886
0.519484
0.527535
0.309274
0.503545
0.666507
0.607941
0.317296
0.89852
0.216722
0.485943
0.178367
0.537077
0.391962
0.10634
0.113232
0.473495
0.850654
0.644341
0.593879
0.971164
0.121975
0.247319
0.147611
0.223071
0.834306
0.960763
0.199578
0.379689
0.934522
0.242955
0.236098
0.9079
0.517206
0.0751704
0.528892
0.0795094
0.434368
0.253346
0.889442
0.00889628
0.267951
0.962483
0.544284
0.702248
0.0713955
0.886563
0.778363
0.567335
0.270928
0.141738
0.371581
0.6353
0.446684
0.616358
0.506007
0.899582
0.624698
0.971957
0.0231663
0.71323
0.925783
0.721439
0.0760048
0.265094
0.304135
0.489603
0.690474
0.404952
0.16278
0.239104
0.529446
0.827005
0.103256
0.995915
0.098019
0.395901
0.503381
0.921466
0.245818
0.273405
0.356594
0.199489
0.149467
0.134612
0.72441
0.522742
0.979317
0.55545
0.149225
0.423228
0.51854
0.923854
0.910831
0.676098
0.0792359
0.124724
0.488492
0.392828
0.277017
0.138491
0.586593
0.538326
0.589412
0.229795
0.693278
0.80341
0.225763
0.835316
0.650844
0.12674
0.284937
0.919055
0.0692951
0.110731
0.0196933
0.739926
0.224375
0.193187
0.982406
0.734404
0.136566
0.184333
0.9433
0.24381
0.793045
0.315228
0.428746
0.712781
0.338648
0.367161
0.649576
0.177676
0.146424
0.375226
0.317577
0.982309
0.808311
0.922231
0.208857
0.980645
0.146732
0.927438
0.979601
0.598916
0.311179
0.658381
0.39481
0.708592
0.313364
0.439388
0.214519
0.625121
0.841555
0.530779
0.0535173
0.658287
0.40182
0.396228
0.363763
0.125202
0.508122
0.774484
0.621208
0.443195
0.583634
0.561187
0.12081
0.25539
0.570277
0.0663994
0.808194
0.604053
0.26206
0.965505
0.600478
0.55988
0.0124377
0.622951
0.0106548
0.92806
0.621115
0.627893
0.774096
0.737119
0.200225
0.0966119
0.702742
0.417018
0.810028
0.481706
0.313032
0.159249
0.688854
0.0563318
0.452383
0.127311
0.589227
0.148378
0.602451
0.658408
0.642793
0.284221
0.0892114
0.863853
0.40339
0.746876
0.448877
0.80937
0.121344
0.4821
0.801013
0.804128
0.963555
0.488255
0.610333
0.441753
0.587442
0.715038
0.480617
0.0801128
0.841551
0.144018
0.928636
0.0853593
0.0712348
0.315928
0.401327
0.837984
0.0422971
0.155963
0.0830399
0.894799
0.268796
0.835683
0.7407
0.955978
0.908332
0.0327693
0.671229
0.842079
0.310414
0.369386
0.721849
0.759065
0.126998
0.159586
0.634757
0.521242
0.34181
0.735728
0.826136
0.940401
0.365374
0.798671
0.674929
0.28854
0.71909
0.191869
0.314771
0.580654
0.97393
0.267285
0.30787
0.17677
0.455676
0.929174
0.233669
0.112127
0.195249
0.192511
0.424806
0.876493
0.324349
0.667102
0.954159
0.943375
0.574055
0.800737
0.913645
0.175653
0.395873
0.906778
0.725977
0.30698
0.690848
0.878546
0.452572
0.64942
0.111566
0.275899
0.758555
0.413935
0.000978866
0.584595
0.442677
0.753734
0.710495
0.163692
0.533916
0.485399
0.739012
0.257537
0.307227
0.872792
0.259227
0.132547
0.283714
0.519035
0.122682
0.631969
0.612404
0.549881
0.301775
0.899675
0.065536
0.45829
0.707401
0.818197
0.288424
0.783478
0.799711
0.953169
0.233555
0.804269
0.360989
0.752952
0.249516
0.031306
0.864506
0.91997
0.290828
0.527059
0.235272
0.480151
0.298052
0.744404
0.472354
0.236332
0.0848956
0.213134
0.622841
0.625244
0.000320119
0.375484
0.997427
0.360667
0.135915
0.227931
0.719948
0.20799
0.482541
0.960517
0.0372053
0.316
0.528161
0.742907
0.686977
0.66036
0.874508
0.907477
0.327915
0.24208
0.771525
0.151266
0.642772
0.399521
0.134457
0.0826044
0.374683
0.722138
0.659285
0.322486
0.91478
0.465677
0.562336
0.631342
0.445729
0.0401378
0.25879
0.54725
0.874466
0.694855
0.602602
0.672319
0.556461
0.294105
0.584389
0.55785
0.293118
0.57928
0.233892
0.0394354
0.602016
0.769093
0.678658
0.823412
0.482811
0.997122
0.697002
0.453517
0.535126
0.950991
0.238738
0.527081
0.956519
0.190167
0.0175891
0.740149
0.0468151
0.324451
0.872577
0.877043
0.237326
0.91263
0.0905299
0.6579
0.90238
0.408143
0.00604871
0.724723
0.332586
0.597999
0.0203685
0.35579
0.513478
0.864219
0.5053
0.480128
0.476849
0.958828
0.476948
0.049501
0.24005
0.857126
0.981044
0.101103
0.876004
0.843736
0.900799
0.9419
0.950395
0.878595
0.389268
0.868718
0.362703
0.550079
0.265638
0.960444
0.0650591
0.103161
0.149126
0.78551
0.214218
0.532492
0.419093
0.658413
0.143673
0.665335
0.148338
0.5057
0.79084
0.0307064
0.416729
0.235271
0.480054
0.801069
0.00238315
0.870272
0.722025
0.302417
0.939113
0.224925
0.978855
0.0349343
0.469014
0.760534
0.898229
0.331081
0.755462
0.165497
0.970635
0.652346
0.935299
0.0173015
0.932893
0.444484
0.726979
0.603925
0.220671
0.388965
0.838119
0.86076
0.900993
0.500173
0.200917
0.363753
0.779049
0.452258
0.00870954
0.765356
0.845024
0.855715
0.74373
0.363334
0.311563
0.863678
0.535671
0.895007
0.521682
0.899667
0.826971
0.0896954
0.50111
0.804348
0.836469
0.503681
0.0853309
0.0916699
0.935637
0.288457
0.519139
0.916259
0.0044677
0.951182
0.283839
0.235356
0.200017
0.241575
0.837904
0.65593
0.777725
0.239992
0.371111
0.892693
0.0420327
0.413061
0.971998
0.214243
0.737481
0.542114
0.679152
0.647749
0.385937
0.449772
0.116266
0.247904
0.630181
0.96187
0.96665
0.932921
0.637876
0.521461
0.351729
0.17943
0.243399
0.886719
0.460789
0.992686
0.313552
0.51928
0.000791262
0.424563
0.722358
0.483027
0.630441
0.0492383
0.812182
0.167202
0.487916
0.805875
0.897165
0.182375
0.87796
0.348435
0.530747
0.939027
0.11006
0.374288
0.121257
0.760556
0.303991
0.254065
0.23768
0.129468
0.484551
0.913619
0.94432
0.137049
0.335824
0.976247
0.44443
0.8833
0.629655
0.00286266
0.354879
0.521937
0.364684
0.680104
0.097147
0.615032
0.691828
0.689532
0.455738
0.288597
0.216024
0.710889
0.603398
0.507164
0.534194
0.253071
0.831671
0.191571
0.562164
0.429737
0.796467
0.629566
0.591997
0.557782
0.744864
0.539683
0.0118928
0.682026
0.141633
0.5827
0.924866
0.859322
0.289218
0.57845
0.752857
0.707543
0.225306
0.109159
0.625952
0.318691
0.690579
0.847883
0.285937
0.611878
0.959236
0.299347
0.650064
0.663038
0.873294
0.988758
0.569095
0.198999
0.101335
0.584658
0.179716
0.00362312
0.0391245
0.918799
0.31209
0.467801
0.359747
0.430064
0.153183
0.502169
0.731973
0.436222
0.334297
0.486576
0.0784973
0.078807
0.231849
0.795005
0.0500235
0.474436
0.211782
0.194396
0.59429
0.173633
0.833947
0.933091
0.12558
0.541118
0.754225
0.899104
0.494824
0.983486
0.48684
0.981588
0.802529
0.384542
0.941345
0.279727
0.887093
0.497528
0.293778
0.0632035
0.568129
0.642212
0.657287
0.924041
0.927751
0.876152
0.691045
0.90999
0.0302136
0.885857
0.06724
0.892523
0.732917
0.0858162
0.919563
0.780753
0.290049
0.625472
0.14554
0.899978
0.190071
0.576907
0.117734
0.626657
0.04981
0.605568
0.117441
0.717309
0.853
0.087203
0.343657
0.672166
0.0832733
0.345632
0.234364
0.404087
0.515906
0.259105
0.234276
0.0559697
0.694309
0.820431
0.434085
0.301931
0.96598
0.342984
0.133642
0.718708
0.259974
0.198172
0.39026
0.543643
0.815959
0.954112
0.393287
0.997837
0.773433
0.300218
0.859876
0.399895
0.224276
0.6278
0.243851
0.935387
0.179265
0.5018
0.983401
0.833253
0.0377372
0.919622
0.0135611
0.241552
0.199692
0.828995
0.806937
0.113151
0.796983
0.753657
0.545321
0.285305
0.338237
0.782867
0.253778
0.25985
0.57041
0.452008
0.260774
0.788995
0.634003
0.825347
0.062567
0.807151
0.282147
0.389925
0.643376
0.0831435
0.779779
0.416544
0.897964
0.960723
0.280696
0.088585
0.194035
0.902635
0.44328
0.0125163
0.959615
0.271717
0.471669
0.416321
0.0424037
0.778215
0.164107
0.717046
0.376391
0.487971
0.647147
0.888537
0.181078
0.0305471
0.393997
0.286343
0.574785
0.526219
0.98921
0.819399
0.453873
0.551484
0.989241
0.706412
0.00116036
0.851513
0.560973
0.0253523
0.731257
0.273626
0.82581
0.563622
0.277265
0.814729
0.647285
0.534656
0.684943
0.270133
0.215319
0.447387
0.93278
0.40715
0.669598
0.811071
0.730456
0.741122
0.702858
0.535911
0.503548
0.991989
0.0691236
0.670846
0.604931
0.0135706
0.425743
0.443132
0.522882
0.945581
0.90665
0.0863581
0.648095
0.407137
0.74676
0.184871
0.379705
0.284902
0.50273
0.739568
0.679406
0.111222
0.993336
0.96931
0.619162
0.0751307
0.548138
0.776341
0.0618883
0.182044
0.126253
0.755323
0.134519
0.191502
0.0157843
0.754397
0.615383
0.341321
0.598407
0.447791
0.904794
0.964244
0.573465
0.175669
0.660674
0.131447
0.909958
0.887005
0.135278
0.655918
0.538109
0.689355
0.538808
0.470045
0.646729
0.703579
0.373485
0.491394
0.963449
0.661379
0.0300777
0.870584
0.960922
0.713619
0.164809
0.646747
0.189611
0.35799
0.694207
0.14925
0.115328
0.583209
0.680453
0.440022
0.651873
0.190527
0.948784
0.210741
0.793548
0.646307
0.65705
0.502261
0.84661
0.933169
0.699279
0.738925
0.757244
0.921957
0.253542
0.387492
0.973706
0.813018
0.0942574
0.0375532
0.270096
0.454831
0.636732
0.0795565
0.371731
0.603956
0.961883
0.411709
0.77968
0.210336
0.505521
0.267711
0.163967
0.345032
0.0191333
0.825943
0.466797
0.853269
0.927887
0.542107
0.1618
0.179153
0.839867
0.621038
0.649327
0.221766
0.332113
0.526911
0.20528
0.18932
0.0937791
0.915671
0.00583884
0.727068
0.982433
0.0217004
0.511604
0.7297
0.0809562
0.0262165
0.431146
0.099505
0.0306538
0.820584
0.0344316
0.440354
0.043893
0.918017
0.466532
0.399915
0.0483753
0.538924
0.0455818
0.866611
0.782915
0.771709
0.478288
0.132779
0.872902
0.782736
0.707229
0.698893
0.896987
0.506022
0.0175465
0.553482
0.0878678
0.782223
0.353592
0.554944
0.607654
0.967301
0.449998
0.951087
0.752601
0.774027
0.431726
0.472484
0.867415
0.191064
0.583674
0.19223
0.238197
0.494072
0.883943
0.650923
0.75083
0.721429
0.199286
0.706525
0.394078
0.60514
0.147173
0.781099
0.959955
0.410618
0.864727
0.413682
0.137847
0.917556
0.459024
0.0203151
0.885269
0.782607
0.226748
0.570665
0.74486
0.267311
0.765129
0.340893
0.723113
0.976893
0.208008
0.875749
0.188938
0.555307
0.947267
0.890768
0.880629
0.733845
0.899109
0.157772
0.810505
0.885467
0.724698
0.955146
0.7229
0.65859
0.741372
0.131489
0.688577
0.447983
0.7801
0.800226
0.805439
0.641242
0.808362
0.707786
0.843509
0.503225
0.833189
0.041928
0.269115
0.910206
0.456522
0.611112
0.47548
0.070513
0.0125585
0.122954
0.97415
0.0037354
0.868546
0.81272
0.583107
0.913543
0.118934
0.567924
0.445702
0.575596
0.969274
0.508657
0.277097
0.00431032
0.779505
0.0257786
0.0785455
0.300336
0.0403478
0.527083
0.0317416
0.0087401
0.806549
0.477539
0.938135
0.753135
0.297837
0.579624
0.153066
0.867245
0.317833
0.870107
0.592258
0.0546919
0.307795
0.453059
0.535566
0.95464
0.714836
0.975422
0.673463
0.538939
0.697604
0.268021
0.873671
0.402701
0.806965
0.0355386
0.923566
0.998346
0.367782
0.833852
0.275656
0.404357
0.575416
0.579276
0.221834
0.555542
0.964255
0.436846
0.937445
0.110296
0.724858
0.346596
0.539524
0.533968
0.929648
0.134432
0.384388
0.374206
0.198877
0.849265
0.556888
0.39654
0.934987
0.947392
0.965768
0.88803
0.158338
0.890658
0.333529
0.000217274
0.189758
0.233364
1.80456e-05
0.0959701
0.074162
0.525916
0.0484524
0.377227
0.275695
0.093787
0.920325
0.00389186
0.628256
0.164793
0.617056
0.229435
0.393995
0.395502
0.0903906
0.888517
0.533192
0.98798
0.81252
0.153097
0.357774
0.440542
0.710441
0.529706
0.155786
0.246724
0.691122
0.764989
0.304822
0.374166
0.943747
0.373141
0.371595
0.590021
0.610621
0.543965
0.315085
0.338069
0.842502
0.972379
0.542526
0.541477
0.894211
0.663275
0.113147
0.738375
0.0902575
0.504091
0.154066
0.300432
0.711126
0.329064
0.113599
0.363973
0.130362
0.547925
0.36306
0.236082
0.777021
0.298929
0.0720598
0.846291
0.726117
0.947666
0.200209
0.836647
0.403925
0.610121
0.175172
0.620726
0.217691
0.552474
0.0464649
0.914761
0.237763
0.971002
0.280989
0.767882
0.596984
0.515409
0.219322
0.166226
0.624147
0.0887114
0.455877
0.0392859
0.280495
0.938268
0.655163
0.757586
0.714025
0.0999158
0.164328
0.295322
0.0529582
0.107555
0.625477
0.944514
0.378516
0.840797
0.512064
0.407148
0.987518
0.415352
0.150074
0.951376
0.809709
0.57984
0.964219
0.487409
0.91512
0.0269041
0.509589
0.43178
0.400537
0.888508
0.539581
0.119394
0.956381
0.277263
0.34319
0.761466
0.848797
0.556569
0.103377
0.865646
0.647263
0.2925
0.618504
0.827694
0.873527
0.53496
0.998084
0.838656
0.343617
0.542391
0.454942
0.338396
0.621384
0.0120883
0.159843
0.112553
0.203165
0.0847537
0.720444
0.382677
0.0883303
0.0923111
0.231622
0.808667
0.748045
0.837099
0.97176
0.822138
0.0701126
0.707057
0.633928
0.641754
0.446045
0.329508
0.442963
0.0508823
0.144766
0.912863
0.404056
0.18951
0.652658
0.067574
0.206233
0.0743166
0.356318
0.603177
0.137785
0.995979
0.660147
0.270996
0.274662
0.00624634
0.107188
0.910596
0.250525
0.541813
0.139847
0.0433892
0.63747
0.714016
0.994603
0.786112
0.423914
0.627663
0.703293
0.7094
0.666464
0.0802749
0.637102
0.768205
0.714396
0.874687
0.434682
0.615017
0.223711
0.255147
0.32708
0.705479
0.717429
0.790283
0.108756
0.738597
0.785328
0.254942
0.667363
0.922373
0.471872
0.767324
0.989147
0.624951
0.0695349
0.305842
0.44226
0.0392447
0.00737498
0.312409
0.453221
0.96484
0.297382
0.699842
0.548221
0.193498
0.383376
0.232532
0.426951
0.274377
0.802609
0.573028
0.716711
0.337736
0.629404
0.063745
0.0373325
0.41624
0.185581
0.870708
0.895063
0.0155168
0.932195
0.324096
0.72324
0.388467
0.854715
0.731473
0.331431
0.711296
0.422326
0.0454352
0.424188
0.0478457
0.940626
0.333128
0.726767
0.879483
0.0984987
0.53804
0.0392363
0.395845
0.140636
0.955001
0.80526
0.604751
0.776709
0.580286
0.590265
0.74266
0.000755436
0.786026
0.31361
0.705842
0.549492
0.432999
0.607966
0.445298
0.227228
0.0985331
0.716718
0.18663
0.806911
0.628753
0.381484
0.949376
0.711888
0.259021
0.493501
0.976574
0.152937
0.691526
0.671876
0.216515
0.236282
0.121734
0.244744
0.896517
0.535139
0.477976
0.105011
0.59731
0.103046
0.854208
0.503501
0.483745
0.981777
0.425658
0.354126
0.562158
0.0969267
0.2055
0.156115
0.527945
0.256567
0.555604
0.61451
0.51339
0.977818
0.754305
0.709524
0.883971
0.535543
0.922484
0.668407
0.636157
0.935898
0.0490084
0.868112
0.590984
0.643429
0.0806812
0.320812
0.154645
0.59664
0.508883
0.354086
0.39113
0.617449
0.0122017
0.483329
0.842181
0.542631
0.542219
0.713047
0.0471535
0.441394
0.900385
0.715148
0.385213
0.991374
0.194671
0.093956
0.849691
0.227551
0.676293
0.270302
0.497538
0.244661
0.479861
0.707443
0.916511
0.495098
0.558779
0.610318
0.391757
0.227142
0.649174
0.806478
0.830355
0.0859426
0.956725
0.929032
0.438817
0.747419
0.848734
0.0867459
0.542063
0.120454
0.602293
0.310072
0.622728
0.135918
0.585454
0.913117
0.0288458
0.0456716
0.617344
0.0684612
0.515983
0.459194
0.589581
0.873715
0.824277
0.0602548
0.591972
0.933768
0.552832
0.339857
0.359188
0.727246
0.0414694
0.969915
0.948699
0.455095
0.695231
0.696193
0.554673
0.272066
0.398188
0.208888
0.511307
0.99013
0.609282
0.385233
0.956592
0.689063
0.199328
0.417513
0.61809
0.794763
0.104441
0.36072
0.221434
0.0791976
0.269172
0.722411
0.592611
0.414127
0.220161
0.26661
0.516821
0.0872156
0.719068
0.243839
0.506868
0.477291
0.600798
0.933586
0.720626
0.196306
0.459759
0.755069
0.384081
0.326499
0.0282738
0.455874
0.287716
0.555865
0.983036
0.379051
0.0146967
0.475085
0.0186072
0.232155
0.0637926
0.148469
0.554806
0.378
0.819699
0.452604
0.565419
0.402026
0.234
0.832267
0.362481
0.019278
0.352671
0.768636
0.43544
0.622062
0.751785
0.805658
0.203752
0.047337
0.994112
0.191844
0.572719
0.67544
0.793508
0.0106334
0.912499
0.253888
0.0728552
0.144913
0.39044
0.623923
0.0739582
0.0847433
0.754182
0.393029
0.651437
0.251176
0.20445
0.853816
0.202783
0.84924
0.761284
0.9172
0.137641
0.811133
0.730389
0.551951
0.0786355
0.479307
0.679945
0.604735
0.102152
0.0122874
0.00779168
0.601847
0.703415
0.545473
0.719097
0.895818
0.398417
0.720072
0.307987
0.596538
0.00678213
0.399267
0.386895
0.669861
0.139913
0.42236
0.803553
0.35925
0.12786
0.195437
0.600897
0.975306
0.715145
0.0341022
0.595188
0.433873
0.380454
0.650276
0.883443
0.224848
0.176764
0.369749
0.53695
0.121962
0.981056
0.452235
0.917535
0.21806
0.557414
0.686854
0.517307
0.331892
0.678627
0.750744
0.659602
0.655172
0.724412
0.129046
0.400206
0.49629
0.602111
0.70597
0.550272
0.0767448
0.0319835
0.562554
0.613039
0.882291
0.248355
0.869197
0.500324
0.61469
0.0364173
0.860499
0.589053
0.0161753
0.235646
0.687245
0.135487
0.938413
0.778122
0.752507
0.892352
0.0917419
0.698395
0.447055
0.418593
0.490157
0.600162
0.654854
0.602527
0.436118
0.352157
0.400454
0.855755
0.147667
0.290572
0.140495
0.692253
0.084016
0.559452
0.864429
0.319327
0.066579
0.23825
0.849153
0.370123
0.0857646
0.86443
0.397954
0.525804
0.152293
0.0699168
0.0277947
0.324101
0.621462
0.0905598
0.938808
0.718952
0.388004
0.534769
0.355727
0.528101
0.0109345
0.269529
0.00651529
0.997921
0.775464
0.0639981
0.081287
0.165003
0.396052
0.106823
0.553683
0.633302
0.225652
0.990533
0.150826
0.0523665
0.176279
0.115674
0.75241
0.874749
0.589217
0.744663
0.378545
0.154408
0.0566714
0.919167
0.229429
0.13384
0.483459
0.506282
0.114551
0.108538
0.568292
0.93166
0.774561
0.892334
0.56231
0.0318157
0.749057
0.707944
0.665966
0.455734
0.670818
0.511374
0.923442
0.082051
0.344755
0.155639
0.54552
0.31901
0.0981991
0.267983
0.584241
0.319546
0.407744
0.732325
0.760551
0.545725
0.89078
0.0558696
0.402123
0.461261
0.879975
0.424376
0.0223607
0.644566
0.797939
0.096832
0.648394
0.336864
0.723161
0.580727
0.740574
0.0228789
0.762503
0.494113
0.500399
0.256439
0.464858
0.739777
0.879664
0.972771
0.2732
0.981253
0.170419
0.611459
0.893807
0.62236
0.423659
0.44338
0.336206
0.550841
0.990014
0.872723
0.972412
0.162568
0.436227
0.43327
0.562843
0.796312
0.62882
0.231249
0.780164
0.520569
0.664333
0.156091
0.856752
0.286504
0.380345
0.990778
0.504488
0.684157
0.684006
0.0617354
0.287361
0.134427
0.48648
0.487594
0.667287
0.819252
0.104586
0.927984
0.296694
0.819962
0.229146
0.0304838
0.613703
0.255973
0.994252
0.0486391
0.0664142
0.187954
0.260199
0.817567
0.263886
0.847031
0.539775
0.260374
0.685979
0.438359
0.599598
0.364122
0.1113
0.121391
0.81199
0.101076
0.863567
0.0592929
0.956883
0.665744
0.308799
0.945053
0.380084
0.910444
0.352587
0.791823
0.8207
0.997446
0.375502
0.194579
0.149564
0.14199
0.509866
0.241647
0.922124
0.5719
0.830581
0.622255
0.506934
0.584022
0.479816
0.182904
0.771894
0.0985872
0.796128
0.400522
0.869519
0.647816
0.378226
0.284647
0.406736
0.811933
0.824442
0.716802
0.0845678
0.615879
0.754292
0.568954
0.0102314
0.390174
0.305929
0.764047
0.221306
0.671526
0.931441
0.59502
0.640519
0.351565
0.653
0.75761
0.302446
0.99632
0.504543
0.454361
0.659511
0.257627
0.30787
0.17177
0.58467
0.894125
0.845176
0.291809
0.685689
0.874207
0.673029
0.775647
0.187274
0.100543
0.999112
0.857367
0.294815
0.757838
0.209981
0.641492
0.816108
0.348121
0.551635
0.539188
0.71801
0.0692558
0.590403
0.664996
0.45223
0.729672
0.158975
0.747665
0.736215
0.873909
0.654784
0.0758751
0.764338
0.0195884
0.64793
0.457191
0.650418
0.104326
0.133305
0.584905
0.4779
0.770143
0.0868207
0.280879
0.652327
0.553887
0.0134151
0.266755
0.982061
0.324519
0.427648
0.386195
0.466675
0.325748
0.814453
0.48737
0.575773
0.820573
0.93375
0.98765
0.926182
0.951776
0.0578369
0.272819
0.335058
0.804757
0.526922
0.167621
0.329851
0.807298
0.403032
0.880415
0.447953
0.474854
0.0510241
0.825029
0.309211
0.830514
0.756528
0.420361
0.711885
0.847878
0.544788
0.963061
0.298943
0.967491
0.159562
0.522509
0.458763
0.113549
0.131689
0.932016
0.617144
0.801394
0.280482
0.463278
0.310377
0.926076
0.52748
0.294868
0.190042
0.0958131
0.268724
0.903208
0.0880562
0.254416
0.407474
0.688619
0.559913
0.538652
0.211805
0.400348
0.176885
0.615627
0.484442
0.884745
0.339515
0.304588
0.0583481
0.616465
0.313976
0.591587
0.376524
0.110353
0.652634
0.666991
0.389624
0.603661
0.5563
0.898043
0.665316
0.900471
0.433718
0.424392
0.804156
0.2054
0.0462772
0.0352352
0.145324
0.374907
0.225306
0.0188842
0.100176
0.453791
0.117741
0.595607
0.605785
0.261929
0.241359
0.698911
0.116587
0.539864
0.897306
0.573693
0.727287
0.824369
0.109642
0.342842
0.117154
