3
2500
0.311739
0.428392
0.000105119
0.411299
0.327165
1.4126
0.150271
0.0549654
0.208255
0.194363
0.172378
0.292702
0.425953
0.0619289
0.396087
0.110756
0.42248
0.394851
0.237925
0.212841
0.0684207
0.253812
0.496171
0.97977
0.110388
0.106174
0.300252
0.50755
0.394182
0.578453
0.324858
0.139932
0.529111
0.0517478
0.0225301
0.179807
0.671463
0.180077
0.152542
0.451642
0.902576
0.280686
0.486863
0.187491
0.159506
0.155414
0.121449
0.4025
0.578139
0.46654
0.0970041
0.467141
0.145846
0.20409
0.195467
0.415147
0.0907258
0.42641
0.314532
0.241544
0.0824323
0.0554604
0.00857248
0.728216
0.281734
0.130738
0.0525706
0.366543
0.765801
0.057004
0.00615885
1.465
0.61177
0.536441
0.154011
0.368434
0.221798
1.19604
0.72711
0.101307
0.295753
0.0201642
0.698856
0.326266
0.400917
0.0195278
0.0302455
0.130277
0.603603
0.0515434
0.673818
0.403716
0.47216
0.179027
0.0605376
0.229313
0.327007
0.379889
1.02495
0.0300917
0.0660285
0.108137
0.27603
0.245669
0.0668178
0.180728
0.218251
0.14027
0.133536
0.103273
1.23883
0.113472
0.261234
0.12891
0.250626
0.428613
0.378013
0.130278
0.360002
0.0449983
0.061869
0.303104
0.178979
0.386451
0.353969
0.119062
0.0948497
0.740056
0.238454
0.332858
0.316711
1.07532
0.449172
0.166207
0.610172
0.0400822
0.378789
0.308423
0.290262
0.0301697
0.769953
0.162329
0.218893
0.214182
0.301279
0.433754
0.0935229
0.824108
0.704183
0.439327
0.0834968
0.150186
0.1437
0.641281
0.0240052
0.103334
0.0343456
0.0814677
1.35267
0.416637
0.126034
0.165892
0.0534405
0.0744145
0.342125
0.354937
0.113433
0.113775
0.615751
0.948152
0.180566
0.199615
0.00297718
0.0185916
0.731354
0.0753114
0.233821
0.350304
0.162917
0.461768
0.53711
0.344866
0.221469
0.0348994
0.172699
0.311297
0.0264154
0.752539
0.976821
0.28061
0.117827
0.170887
0.63375
1.05213
0.21378
0.045475
0.362359
0.181518
0.00310215
0.121059
0.271606
0.455457
0.258766
0.00160811
0.250022
0.0707074
0.386036
0.602628
1.84229
0.416682
0.403426
1.8262
0.313308
0.436666
0.0787483
0.0483556
0.782104
0.976883
0.209909
0.607319
0.148987
0.313879
0.246172
0.348444
0.834635
1.05702
0.0661254
0.560992
1.09705
0.119882
0.445242
0.196993
0.122004
0.33066
0.0518809
0.228861
0.328806
0.0447482
0.144208
0.295978
0.59414
0.0748382
0.142661
0.844714
0.282399
0.031975
0.123412
0.171605
1.45266
0.349894
0.523028
1.96846
0.0391129
0.00525694
0.861433
0.100624
1.47898
0.57305
0.117661
0.275317
0.346696
0.0769288
0.918328
0.686422
0.175846
0.198502
0.221943
0.115962
0.0404263
0.31608
0.044696
0.972283
0.158673
0.374122
0.0563484
0.44773
0.0897604
0.050044
0.475806
0.494597
0.00223978
0.233618
0.295224
0.350883
0.277436
0.104595
0.268512
0.169316
1.0816
0.572033
0.0463383
0.0423692
0.0912718
0.509002
0.0908494
0.756252
1.08708
0.166529
0.414287
0.0361597
0.178549
0.0126325
0.105731
0.205397
1.02081
0.402343
0.683791
0.253188
0.0837253
0.085407
0.313226
0.00240986
0.0150994
0.8269
0.314429
0.375662
0.287308
0.0204402
0.331055
0.260956
0.372061
0.39272
0.0602215
0.416815
0.777413
0.037917
0.637432
0.479182
0.0484981
0.163644
0.000345409
0.241129
0.159519
0.427591
0.253566
0.0982639
0.270204
0.0845855
0.453622
0.066292
0.0844202
0.0772574
0.182806
0.568866
0.282754
0.0529873
0.0430982
0.158659
0.522055
0.23745
0.0587813
0.143688
1.55152
0.160279
0.352577
0.237625
0.145454
0.0654463
0.344798
0.187189
0.60803
0.0683435
0.636052
0.240747
0.07569
0.0116158
0.564791
0.280646
0.568666
0.274531
0.185681
0.43677
0.134843
0.407274
0.552492
0.0016288
0.697272
0.120738
0.140509
0.0334852
0.00855213
0.322253
0.387314
0.0980697
1.05611
0.0587876
0.0275298
0.052292
0.0062136
0.326482
0.00150765
0.612342
0.0234454
0.181515
0.80865
0.0840779
0.0623709
0.377565
0.0297559
0.0244357
0.862168
0.858774
0.00152661
0.40749
0.0394808
0.308465
1.37838
0.0889637
0.0729251
0.308211
0.262786
0.767777
0.203162
0.302706
0.804753
0.0727668
0.3245
0.30227
0.206258
0.101685
0.408774
0.00889154
0.690654
0.100233
0.100598
0.144241
0.138837
0.0132342
0.136895
0.210833
0.0056873
0.269982
0.955228
0.0440596
0.233809
0.960703
0.0975333
0.516857
1.37153
0.467322
0.0176883
0.0624997
0.473233
0.653729
0.00445279
0.587575
0.0376654
0.118315
0.176514
0.63585
0.181355
0.463573
0.155747
0.292474
0.126967
0.702146
0.0738199
0.698817
0.32452
0.219849
0.0946734
0.112229
0.247898
0.320199
0.0887405
0.316488
0.27216
0.186271
0.633384
0.705399
0.545728
0.219081
0.0728898
0.324851
1.16081
0.353399
1.1222
0.437117
0.689265
1.44013
0.121851
0.660551
0.218493
0.254202
0.25185
0.055796
0.180289
0.0538028
0.0971724
0.553833
0.312097
0.0781154
0.34039
0.344496
0.0604245
0.195551
0.0302857
0.142702
0.225756
1.03717
0.121146
0.0103188
0.119159
1.06671
0.43318
0.201239
0.158105
0.464441
0.263636
1.15035
0.0174946
1.02147
0.130346
0.131199
0.416406
0.211286
0.17712
0.122272
0.138382
0.175474
1.18797
0.0205174
0.713549
1.02688
0.184004
0.044971
0.274995
0.114155
0.892454
0.252717
0.0948075
0.0341971
0.171635
1.00375
0.157377
0.190875
0.354978
0.0371005
0.126017
0.0199927
0.133589
0.866883
0.732226
0.921799
0.23578
0.193914
0.28427
0.359861
0.116777
0.117034
0.431204
0.119471
0.0737231
0.653984
0.0032052
0.691614
0.181287
1.55481
0.0465147
0.494282
0.20537
0.537805
0.231436
0.104601
0.0239574
0.277531
0.564971
0.146427
0.0306582
0.484672
0.277054
0.0740855
0.497107
0.187024
2.77275
0.291412
0.101062
0.033051
0.0252977
0.493246
0.00215016
0.626791
0.0669633
0.0677609
0.789642
0.0816068
1.24072
0.259966
0.168676
0.17347
0.00609416
0.0853785
0.089197
0.0650614
0.00600281
0.0268408
0.0893222
0.48095
0.144853
0.29257
0.0030845
0.168916
0.311684
0.356799
0.0923574
0.154015
0.109326
0.0566187
0.0745991
0.592533
0.201521
0.220054
0.181681
0.179304
0.235969
0.0736482
0.256815
0.102477
0.398153
0.442111
0.775153
0.0673595
0.174963
0.825755
0.0147976
0.055196
0.212269
0.0713446
0.366857
0.290067
0.0400647
0.482651
0.37984
0.0266226
0.744248
0.434176
0.0275598
0.107975
0.145535
0.525457
0.0314494
0.304973
0.214714
0.00049634
0.0495878
0.39082
0.207381
0.0152972
0.447564
0.12703
0.453228
0.139526
0.357927
0.167992
0.2091
0.801675
0.0567661
0.182996
1.36841
0.698738
0.14141
0.000682157
0.248708
0.140599
0.187392
0.466699
0.189406
0.66471
0.165036
0.443153
0.567551
0.0702859
0.0583801
0.071867
0.152243
0.0779462
0.0423595
0.0664034
0.664849
0.185139
0.0594228
0.0814071
0.112231
0.0367277
1.94807
1.2007
0.0830329
0.467819
0.141422
0.568505
0.321261
0.00719933
0.62947
1.06626
0.220572
0.0673953
0.570597
0.777912
1.19569
0.124674
0.00495262
1.10707
0.217053
0.525356
0.249431
0.0451457
0.0018581
0.0737018
0.678963
1.05685
0.616765
1.49709
0.0515473
1.22792
0.517537
0.146235
0.158767
0.584177
0.104712
0.25038
0.178187
0.417651
0.0564042
0.0433328
0.156522
0.535119
0.489073
0.121112
0.533001
0.234563
0.105933
0.388847
0.359079
0.323769
0.518975
0.334844
0.15196
0.61683
0.0601672
0.005157
0.232467
0.143572
0.220161
0.200984
0.264536
1.68351
0.130265
0.119277
0.738766
0.220492
0.366037
0.392499
0.32014
0.284879
0.0550907
0.772381
0.0184971
0.0129085
0.415984
0.137664
0.279474
0.127923
0.378271
0.747354
0.559553
0.132842
0.0600334
0.538313
0.0363299
0.0177183
0.0966031
0.298939
0.0516383
0.306789
0.251018
0.319774
0.28068
1.07131
0.260871
0.164682
0.186603
0.73038
0.166355
0.069987
0.0316934
0.208485
0.0148139
0.596041
0.13601
0.478381
0.215271
0.732463
0.137128
1.07304
0.298765
0.0807612
0.316426
0.826238
0.858907
0.0135786
0.568589
0.113331
0.132597
0.0457588
0.290506
0.164332
0.0373507
0.237235
0.147059
0.14185
0.392257
0.25872
0.44875
0.0638657
0.535955
0.0169654
0.358166
0.415761
0.217996
0.914476
0.168137
0.3011
0.363963
0.141709
0.0645326
0.036028
0.120981
0.212812
0.07384
0.439254
0.288507
0.107753
1.61995
0.465003
0.136312
0.380531
0.163868
0.477819
0.0253032
0.147795
0.722251
0.069948
0.834307
0.242867
0.156672
0.112397
0.150697
0.249237
0.140979
0.490156
0.0852274
0.501854
0.18668
0.423075
0.298735
0.29837
0.201361
0.0391939
0.373751
0.0122688
0.172367
0.379755
0.327246
0.0283353
0.389522
0.103803
0.662111
0.118931
0.908398
0.289794
0.209579
0.0233428
0.214076
0.154124
0.207986
0.178496
0.131301
0.0874989
0.541484
0.243705
1.01926
0.875137
0.132076
0.258577
0.172423
0.513801
0.310653
0.151713
0.297704
0.0618725
0.206007
0.555032
0.0378178
0.0500966
1.01475
0.180626
0.567907
0.297089
0.21833
1.19224
0.303162
0.0352692
0.110286
0.45193
0.396856
0.556401
0.428277
0.647239
0.0908071
0.369204
0.295865
0.0681661
0.0789622
0.953215
0.4295
0.268111
0.23453
0.201941
0.0181897
0.25703
0.680589
0.42397
0.747253
0.241149
0.551948
0.188054
0.38545
0.931128
0.26835
0.518285
0.0919826
0.172754
0.0117912
0.184043
0.2265
0.479811
0.113117
0.473583
0.226506
0.00810764
0.144853
0.020614
0.223343
0.605108
0.324477
0.430619
0.130211
0.621416
0.166957
0.892439
1.10848
0.14606
0.345162
0.485691
0.0425927
0.171889
0.594041
0.860401
0.436978
0.107431
0.329419
0.395723
0.023089
0.401937
1.25402
0.321192
0.0806831
0.792168
0.754394
0.248429
0.217047
0.279414
0.0606448
0.968645
0.595473
0.066541
0.315661
0.0501356
0.0197664
0.782022
0.958221
0.0148027
0.0294062
0.0649779
0.612419
0.0387047
0.0929289
0.160024
0.164787
0.369299
0.0847551
0.0175907
0.172494
0.410863
0.0112607
0.0476176
0.659178
0.723343
0.0739788
0.0919304
0.173161
1.06008
0.216233
0.161652
0.404188
0.155749
0.0520916
1.0189
0.22792
0.179701
0.100309
0.375542
0.225215
0.0590512
0.121736
0.0291497
0.00456502
0.622643
0.942159
0.306657
0.112368
0.207224
0.134199
0.726414
0.509254
0.338346
0.249399
0.135304
0.717085
0.914107
0.823077
0.249321
0.753391
0.380177
0.0214635
0.127018
0.724786
0.0075724
0.00162828
0.0911869
0.392829
0.011982
0.327566
0.0997802
0.246975
0.413452
0.24663
0.193901
0.82264
0.0282563
0.0627248
0.502136
0.352963
0.25538
0.466589
1.19928
0.014266
0.0272995
0.166543
0.265716
0.151404
0.612078
0.089024
0.322528
0.336204
0.120922
0.0619448
1.07831
0.278122
0.0360796
0.582168
0.376171
0.00820142
0.137874
0.0038429
0.620066
0.589278
0.0827413
7.75547e-05
0.00898826
0.209749
0.205785
0.0268728
0.136056
0.209819
0.27326
1.26767
0.119018
0.868568
0.545313
0.11279
0.736718
0.105548
0.704708
0.258195
0.570138
0.073322
0.51237
0.12155
0.836029
0.409392
0.423555
0.272422
0.217036
0.183715
0.566675
0.217606
0.024393
0.00454917
0.0413329
0.060421
0.117547
0.145363
0.35504
0.425998
0.281748
1.09689
0.33156
0.511937
0.575996
0.221569
0.0557879
0.189835
0.426059
0.170063
0.0629449
0.0172817
0.272483
0.657456
0.10397
0.06766
0.254567
0.166824
0.990098
0.40998
0.340562
0.807239
0.918855
0.543122
0.427927
0.0846397
0.416995
0.0274484
2.07067
0.289863
0.46577
0.0886878
0.4303
0.175982
0.0337112
0.0863647
0.249974
0.0337376
0.150489
0.16239
0.557112
0.161401
0.377983
0.771677
0.32874
0.830614
0.0924001
0.0830871
0.015405
0.615198
0.254812
0.0133657
0.534153
0.442531
0.125531
0.857815
0.0393702
0.304315
0.291942
0.421141
0.0460677
0.292307
0.606702
0.100797
0.294413
1.12124
0.0242383
0.0459026
0.362224
0.0461484
0.243753
0.594873
0.00373117
0.367383
0.68497
0.566713
0.42273
0.901368
0.159564
0.0198595
0.499861
0.578355
0.735064
0.065947
0.10787
0.166133
0.150599
0.173903
0.157021
0.0955628
0.390145
0.148618
0.269322
0.00322735
0.672918
0.128818
0.149396
0.0877638
0.0850557
0.190898
1.2217
0.156821
0.307418
0.116131
0.111669
0.115856
0.655139
0.245237
0.386548
0.176104
0.288794
0.34236
0.021111
0.0382615
0.409769
0.421892
0.521478
0.390249
0.0414179
0.490044
0.108756
0.110671
0.301417
0.0974658
0.0241761
0.450807
0.372097
0.163697
0.374748
0.548635
0.211993
0.0920332
0.12774
0.178511
0.136474
0.372966
0.3682
0.157604
0.287575
0.197048
0.745907
0.0143338
0.56201
0.790464
0.157489
0.254449
0.070825
0.93192
0.395232
1.19304
0.165952
0.190649
0.28736
0.153203
0.12191
0.934289
0.0197305
0.53787
0.0976761
0.279796
0.387144
0.0533413
0.0575203
0.114143
0.379827
0.0118957
0.126847
0.456999
0.383856
0.149904
0.313301
0.107721
0.0175529
0.263678
0.331325
0.17215
0.747479
0.236047
0.424696
0.0364894
0.155852
0.0145695
0.606214
1.0687
0.643761
0.115544
0.254923
0.302124
0.684707
0.10587
0.353668
0.134292
0.587505
0.165292
0.223256
0.274288
0.362685
0.365875
0.477295
0.00781293
0.0246581
0.666568
0.892756
0.0191223
0.0123187
0.387127
0.154797
0.892604
0.671662
0.316407
0.0744616
0.092656
0.300886
0.245795
0.129004
1.13163
0.327511
0.00926203
0.164939
0.135265
0.453463
0.14098
0.120623
0.163796
1.35893
0.304622
0.199925
0.261616
0.244806
0.0117553
0.0157724
0.0653383
1.51203
0.897264
0.0811511
0.419416
0.483668
0.968324
0.0350418
0.130345
0.0226132
1.03392
0.115404
0.155987
0.379864
0.366748
0.286436
0.000756107
0.419264
0.25592
0.325203
0.08738
0.260745
0.0178608
1.17763
0.114403
0.093077
0.212315
0.0175096
0.18268
0.142733
0.494486
0.22552
0.0103159
0.0430373
0.370075
0.0104655
0.491625
0.128994
0.226614
0.435738
0.38224
0.120839
0.597989
0.2353
0.0464779
1.04806
0.150814
0.105579
0.623791
0.592094
0.672195
0.0675557
0.488444
0.518124
0.0471678
0.531246
0.183539
0.0934772
0.0897613
0.0627363
0.310908
0.155094
0.211397
0.143134
0.46786
0.180249
0.095639
0.454003
0.0786169
0.641308
0.0291766
0.0421812
0.798801
0.311481
0.179079
0.457544
0.29111
0.270562
0.0610155
0.455385
0.00435309
0.301574
0.131594
0.383432
0.0897804
0.850458
0.1699
0.253312
0.549765
0.423352
0.40677
0.177282
0.386137
0.562692
0.086025
1.28989
0.00156377
0.258429
0.421736
0.425032
0.258327
0.00895681
0.133467
0.522709
0.387409
0.0833119
0.104285
0.223368
0.611028
0.377279
0.215924
0.0759441
0.122307
0.664065
0.46852
0.535935
0.620733
0.43773
0.300717
0.892752
0.0176718
0.174501
0.372092
0.276604
0.118095
0.381536
0.550866
0.347223
0.322731
0.296058
0.754404
0.00955415
0.683201
0.544267
0.182784
0.534595
0.386563
0.170498
0.0755549
0.459098
0.113704
0.0972053
0.27034
0.307728
0.648044
0.116794
0.00412613
0.662081
0.377377
0.196931
0.187264
0.189429
0.371696
0.0230414
0.40191
0.298414
0.641301
0.203912
0.751043
0.413368
0.11113
0.119049
0.0757446
0.571075
0.0928218
0.295941
0.105494
0.479662
0.608503
0.315206
0.312504
0.636096
0.274337
0.0497971
0.188398
0.186305
0.0785282
0.00911208
0.143984
0.123226
0.36846
0.279249
0.00479849
0.0277705
0.242285
0.115795
0.18412
0.777877
0.0216907
0.195039
0.500378
0.731612
0.155123
0.21227
0.390574
0.294824
0.022736
0.00197016
0.411734
0.730697
0.127666
0.543994
0.333845
0.0446978
0.307611
0.161861
0.34149
0.682426
0.0931861
0.626134
0.135682
0.911563
0.303062
0.02262
0.277222
0.252519
0.0693072
0.129426
0.715083
0.240846
0.0956984
0.653745
0.160096
0.0123736
0.185999
1.38882
0.764822
0.429559
0.244576
0.0342373
0.558529
0.0641698
0.0886708
1.85169
1.36411
0.952356
0.0708488
0.180953
0.55013
0.0364631
0.201676
0.492247
0.964499
0.127381
0.815929
0.0172667
0.00461206
0.444187
0.0617064
0.252106
0.1144
0.0125691
0.728729
1.00004
0.13883
0.00639352
0.215768
0.547106
0.106053
0.408796
0.357295
0.0267506
0.638747
0.168816
0.876415
0.0532736
0.190698
0.0849467
0.253133
0.490433
0.190211
0.360317
1.03233
0.228224
0.283971
0.379202
0.10308
0.172679
0.0353825
0.0730921
0.402236
0.728675
0.569732
0.124802
0.668362
0.196301
0.167258
0.160749
0.267278
0.261529
0.564063
0.245923
0.23418
0.275018
0.330432
0.672324
0.0481155
0.575416
0.0806722
0.672574
0.211165
0.734227
0.183329
0.858992
0.0584533
0.180736
0.255802
0.180582
0.130133
0.0106373
0.317701
0.0215678
0.716846
0.0755065
0.28376
0.0225155
0.279958
0.273522
0.140638
0.109371
0.0336443
0.0516897
0.152413
0.27307
0.130585
0.0504908
0.579727
0.0900352
0.0469526
0.454227
0.353047
0.0204928
0.773515
0.647838
0.0703244
0.850849
0.0390694
0.0240747
0.279837
0.00220176
0.376887
0.251587
1.27829
1.09677
0.698417
0.44006
0.0795387
0.170346
0.199044
0.492031
0.147287
0.0634247
0.0523796
0.0507962
0.496093
0.36661
0.51406
0.257784
0.100305
0.914553
0.216659
0.00609213
0.3706
0.233555
0.145551
0.46796
0.213633
0.313664
0.292312
0.85971
0.250601
0.196864
0.127027
0.0774886
0.676345
0.136075
0.088123
1.53865
0.422041
2.08738
0.799395
0.0628424
0.332678
0.0929145
0.152164
0.21087
0.188196
0.024262
0.964945
0.344066
0.475515
0.185002
0.0318
0.595996
0.501153
0.0439846
0.0654935
0.0765983
0.0669409
0.682068
0.484886
1.27261
0.145762
0.12773
0.189769
0.646305
0.27395
1.09312
0.305162
0.0626867
0.146352
0.18826
0.219707
0.107859
0.200797
0.863665
0.106235
0.117134
0.0958153
0.338304
0.00784224
0.187706
0.181771
1.11462
0.304322
1.06449
0.449768
0.183408
0.141867
0.00372748
0.636541
0.115513
0.0920511
0.0975227
0.100002
0.286181
0.9714
0.136511
0.0671393
0.161564
0.979115
0.278261
1.34206
0.489431
0.396427
0.0429071
0.1126
0.370243
0.024716
0.757737
0.044311
0.27802
0.69356
0.358446
0.138145
0.234219
0.148864
0.0289059
0.471342
0.189946
1.36504
1.49971
0.22555
0.924693
0.0636186
0.149516
0.558551
0.350773
0.067834
0.640161
0.122805
0.235041
0.537371
0.24165
0.0140157
0.186783
0.0119436
0.153119
0.0863868
0.200408
0.0276185
0.604992
0.211321
0.239038
0.625566
1.4528
0.332357
0.815425
0.291117
0.717376
0.153037
0.756032
0.303974
0.0407524
1.09396
0.029272
0.273842
0.123377
0.390115
0.226479
0.0986156
0.486286
0.714596
0.120879
0.0141197
0.124748
0.187277
0.122864
0.0997345
1.75321
0.558319
0.137687
0.107623
0.330039
0.37017
0.207386
0.510547
0.317465
0.0480769
0.327408
1.01589
0.78708
0.162984
0.356657
0.0762502
0.0524127
0.603599
0.396288
0.315404
0.375306
0.426339
0.0398171
0.773856
0.0143184
0.534986
0.753632
0.25638
0.147023
0.185028
0.0759571
0.069082
0.0517132
0.018533
0.184252
0.462357
0.219513
0.180174
0.0116653
0.133837
0.23373
0.307205
0.347313
0.109009
0.0942419
0.020534
1.27675
0.0664867
0.102465
0.0799029
0.613927
0.601142
1.26078
0.395553
0.0779629
0.0684821
0.16438
1.09356
0.0177534
0.443422
0.623836
0.686129
0.0356615
0.178467
1.61779
0.347088
0.342595
0.202322
0.306812
0.287749
0.609253
0.287709
0.236558
0.0965686
0.664132
0.0390703
0.0294154
0.449824
0.0273775
0.341437
0.147332
0.516669
0.427432
0.138599
0.0448171
0.305687
0.273797
0.334003
0.080208
0.717863
0.367992
0.848272
0.125009
0.192316
0.183298
0.0176787
1.08055
1.2203
0.213412
0.148554
0.392083
0.0639484
0.0549234
0.279697
0.176201
0.102655
0.692921
0.283332
1.25655
0.0904139
0.40006
0.622446
0.341014
0.00452363
0.115698
0.0225451
0.0328668
0.019768
0.325953
0.752102
0.455588
0.363238
0.561778
0.462473
0.0330098
0.0636973
0.120966
0.353227
0.287663
0.354609
1.93101
0.950619
0.28454
0.877737
0.375274
0.915526
0.272192
0.886404
0.105034
0.0226677
0.147991
0.325399
0.0597192
0.0574218
0.0501627
0.437703
0.0755373
0.0713378
0.506778
0.221106
0.38913
0.256674
0.151486
0.0731927
0.242073
0.35227
0.0855396
0.0269008
0.878787
1.47474
0.128136
0.1351
0.482163
0.0630766
0.0595731
0.799677
0.847493
0.131445
0.241475
0.219255
0.0228739
0.596963
0.0557113
2.30474
0.0422727
1.15893
0.468401
0.420224
0.320798
0.265149
0.439677
0.298583
0.35061
0.626422
0.0719467
0.134391
0.069236
0.128527
0.252037
0.54309
0.551403
0.00874988
0.0456937
0.509082
0.176371
0.0886125
0.131923
0.41749
0.277174
0.113586
0.389109
0.505418
0.16073
0.103519
0.229879
0.149051
0.373397
0.4024
0.042128
0.332972
0.00468294
0.206371
0.18504
0.145178
0.00500923
0.151974
0.542128
0.436963
0.0732098
0.767373
0.659806
0.163682
0.500907
0.759465
0.490131
0.462221
0.53082
0.490501
0.122003
0.571807
0.110741
0.113099
0.544401
0.537399
0.097175
0.393774
0.380177
0.0558691
0.439667
1.15874
0.0188693
0.439336
0.0529762
0.325826
0.10892
0.0342189
0.0941152
0.228006
0.120376
0.0549248
0.364123
0.311998
0.236143
1.04748
0.27545
0.883108
0.0420026
0.151955
0.122631
0.246718
0.0305204
0.186241
0.309263
0.317118
0.468709
0.125674
0.125812
0.853621
1.55217
0.032747
0.0599274
1.02124
0.138953
0.404185
0.0313572
0.284855
0.0132284
0.875161
0.288257
0.0489287
0.0899616
0.228454
0.383714
0.0294605
0.000904614
0.33483
0.253686
0.0232176
0.714255
0.483314
0.394746
0.00688147
0.00742801
0.21701
0.355235
0.959435
0.0370841
0.170145
0.0495819
0.00485356
0.822706
0.77301
0.569801
0.164628
0.0458446
0.0194803
0.230079
0.0875572
0.27024
0.0292791
0.789303
0.150493
0.978542
0.315382
0.147411
0.314294
0.136167
0.202303
0.505102
0.486992
0.0158084
0.612303
0.0640649
1.42308
0.157895
0.160104
0.138125
0.166452
0.00235129
0.00776707
0.60449
0.339067
0.145346
0.120165
0.0961887
0.227773
0.0522099
0.753105
0.475347
0.1206
0.140859
0.0878458
0.194951
0.383138
0.478984
0.849962
0.359872
0.453247
1.04996
0.0446618
0.29014
0.336687
0.360927
0.0527767
0.135668
0.0997238
0.233532
0.0629885
0.215734
0.178581
0.165746
0.144195
0.085914
0.637804
0.237342
0.0163575
0.251913
0.279429
0.0697613
0.409449
0.58049
0.214426
0.405757
1.44677
0.455397
0.314767
0.0102824
0.309468
0.0318685
1.1625
0.0117409
0.153563
0.151752
0.143327
0.040367
0.23471
0.124619
0.568607
0.0600508
1.71037
0.308121
0.368811
0.208585
0.219626
0.0967035
0.00980385
0.0286709
0.220598
0.490864
0.0907417
0.572837
0.205039
0.154565
0.125758
0.100981
0.250615
0.0810557
0.232661
0.0033116
0.486079
0.374855
0.342842
0.574064
0.46115
0.825901
0.249708
0.0847682
0.693134
0.0671039
0.878381
0.497046
0.26012
0.652103
0.131627
0.424144
0.16093
0.0777825
0.277567
0.0240287
0.315047
0.170729
0.0953127
0.333758
0.0352626
0.489786
0.18402
0.303662
0.392801
0.03297
0.24401
0.220261
0.123681
0.0310137
0.119629
0.232584
1.28256
0.0107663
0.457119
0.0372825
0.482015
0.316617
0.079063
1.02365
0.832186
0.726365
1.15834
0.0522754
0.807702
0.0029611
0.0070925
0.241611
0.318698
0.218558
0.140683
0.787835
0.284724
0.0676926
0.105764
0.599683
1.80336
0.105998
0.502689
0.0207454
0.202522
0.00210443
0.108964
0.780097
0.270535
0.176977
0.229175
0.521461
0.92786
0.106238
0.689192
0.162006
0.41506
0.321282
0.341811
0.450523
0.212791
0.0291102
1.00573
0.246571
0.0163426
0.248006
0.11912
0.191724
0.829638
0.975227
0.28915
1.28463
0.19691
0.26203
0.731078
0.535195
0.329552
1.37783
0.132498
0.232751
0.735667
0.287223
1.20515
0.654875
1.26543
0.652766
0.111811
0.238566
0.211073
0.28547
0.214736
0.217222
0.249106
0.27195
0.256455
0.162663
0.442806
0.95449
0.324352
0.451602
0.26981
0.321254
0.231082
0.0575469
0.381488
0.0348517
0.894847
0.0788969
0.0550966
0.082747
0.287215
0.22342
0.393382
0.0223523
0.318836
0.0725384
0.46852
1.76253
0.154582
0.0733719
0.179088
0.198873
1.32439
0.14856
0.0651351
1.02904
0.0312591
0.122349
0.139549
0.427615
0.361612
0.0581419
0.1332
0.798939
0.0881624
0.0381885
0.271208
0.778451
0.154639
0.479232
0.017554
0.308127
0.396942
1.08361
0.249175
0.88186
0.299444
0.253584
1.10104
0.0322182
0.149071
0.839671
0.155267
0.589261
0.636115
0.362415
0.0898225
0.0328649
0.510842
0.468412
0.0685356
0.083059
0.394747
0.200721
0.103311
0.429564
0.010568
0.89993
0.0947764
0.0621813
0.265147
0.216041
0.0506118
0.234169
0.215786
0.517886
0.186891
0.00405037
0.371798
0.249209
1.59622
0.7471
0.14559
1.09287
0.911442
0.116883
0.281268
0.63725
0.890374
0.0396273
0.0252827
0.243357
0.161279
0.374788
0.541506
1.30738
0.156399
0.14321
0.170269
0.00693368
0.147746
0.459803
0.0178773
0.170914
0.101935
0.172427
0.0740457
0.0192547
0.150548
0.248447
0.0967006
0.0283792
0.34225
0.852803
0.116039
0.116596
