2
5
2500
1.52296
5.78514
5.44196
-8.71681
5.04172
-1.57798
-0.708149
-0.817177
7.1891
0.674035
-5.49006
2.60512
-1.60846
-2.42505
-0.128839
3.2141
-5.26563
-3.05713
5.99907
6.97137
6.4299
6.67669
-6.10849
-0.940081
-0.490354
1.36334
-5.5135
-5.84515
2.68431
-6.77476
5.21498
-7.3391
-2.8096
8.24598
0.972325
1.07396
7.18741
3.66907
3.80879
1.05456
6.53082
9.27286
6.44292
0.543951
-7.05972
3.40227
1.78176
4.35059
-8.33325
11.017
-0.759086
-0.320759
0.447097
-10.9233
4.62967
0.241738
-2.03896
-8.18717
1.7962
1.8652
-5.87321
-0.339348
0.747953
-4.98017
-4.26615
3.93569
2.69711
6.95624
8.84076
2.88074
5.49173
6.39434
-3.13325
5.78995
-3.58474
1.64064
8.2358
1.65046
6.17601
5.73651
2.94998
10.1911
6.69578
10.055
-0.676572
-1.45937
-3.8525
-2.22087
7.82157
2.60644
-6.65639
4.75822
-1.1697
1.71581
4.48106
0.660565
-3.78725
12.3384
-5.11461
4.23
-3.43416
7.19243
13.2359
7.10307
0.717047
-1.92315
4.13526
-0.326346
8.55863
-1.04137
3.99507
6.92475
0.6987
5.31986
-5.97258
9.26924
2.05372
-3.03159
6.60758
0.336028
7.05171
-3.8343
-4.01681
-1.91959
-9.65896
-0.501518
8.65163
8.56899
5.59842
7.86286
10.6352
2.49487
-9.36538
11.2792
0.75208
5.0112
7.31479
4.16668
-0.486414
-3.77097
-2.19606
4.021
14.9803
-2.11522
9.81503
-0.414373
4.01386
-3.09629
0.945526
-1.99901
2.4321
-0.905758
1.06777
-6.77111
2.18407
-7.58108
0.628306
10.4666
7.4707
-6.92931
2.80508
6.98598
-4.36869
1.44434
3.09934
2.36911
-0.343182
-2.98159
6.075
-3.04444
0.111362
9.54882
5.54505
-2.86714
5.36098
-0.142203
-3.23549
0.749258
-3.26629
-8.84611
-2.39648
-1.52675
5.57586
0.608046
0.802138
2.1373
5.57944
0.509711
8.61352
0.752808
1.85595
7.98614
14.0053
-0.20624
5.3598
-4.92795
-4.22327
9.43442
2.60945
3.62521
1.13415
2.55925
-2.97917
-0.664975
7.37593
-2.10574
-6.55902
-7.46106
0.642416
3.12316
3.692
7.60967
-4.01626
-2.2529
3.48199
4.12757
13.3999
4.73669
-5.10073
-0.324911
0.05897
3.62786
-0.271462
4.74198
-0.580286
2.22205
2.96213
4.52244
6.15371
-4.05749
0.401299
0.260373
17.8542
3.43428
3.74705
2.84655
3.71325
7.2286
-5.1473
10.2618
4.50933
5.10778
9.24251
-0.729351
2.08337
-1.07139
10.1635
2.10688
3.95585
1.61785
6.50929
-7.49495
6.57397
2.55938
0.681176
-3.05792
3.40832
8.17948
1.60512
0.775063
-11.085
-0.911788
6.12534
0.953503
0.394347
7.78292
0.128017
-2.22041
0.552716
6.54385
2.32253
0.225207
10.8828
-3.91033
2.39533
-3.02952
1.16455
-0.851249
-5.2146
5.16909
3.97829
2.54629
1.20884
7.4621
6.49569
5.73601
4.76272
-2.74125
3.60606
-7.40913
3.98093
6.26537
12.1583
-3.19534
2.4859
1.53334
1.60809
-8.39485
-3.22372
7.06532
2.40613
6.23319
3.1745
10.4778
-3.55163
0.418837
-2.32254
-0.338367
8.36079
5.25816
1.68219
5.99334
5.98991
9.46693
4.53272
-6.77103
-1.03714
5.26085
12.0066
-1.86829
1.68525
-7.19095
2.17832
3.82598
1.04343
5.72634
1.01232
5.52292
-4.43988
-2.1828
10.575
7.02991
-1.07258
8.5134
0.626947
10.684
-5.99943
-0.690605
5.28458
2.07641
2.63696
-2.57123
7.2178
5.77319
7.20495
4.58373
-0.236162
-8.67214
2.18692
-1.6797
-7.7681
-8.47484
5.15029
11.4853
0.297531
6.72925
-2.17865
2.72546
1.91266
0.0469753
-5.58009
1.61883
-6.82428
1.64444
11.5034
0.788611
2.49522
3.65268
2.36773
-1.95219
2.53364
5.75174
6.82341
2.48927
-1.41802
11.0055
11.6118
5.0242
2.99422
3.13976
2.86987
2.186
-0.562675
-2.75347
1.21074
0.681401
11.1294
7.04513
-2.9971
-8.07855
10.3906
-6.46642
1.21946
1.39989
-1.17396
7.70705
1.046
0.303706
9.05492
-5.08539
4.10171
2.51627
4.11834
-5.46075
-5.52322
-0.697904
-6.596
11.2198
8.2496
6.4654
-2.21467
-3.74088
6.95703
6.18833
0.720568
0.529658
12.1008
-1.89262
0.640124
2.71958
10.6534
0.834392
1.22341
6.86839
-2.7576
4.82107
1.96636
3.05132
-9.28459
-2.59161
-3.16935
2.43611
10.667
7.33248
5.67271
-8.1138
6.58928
0.180811
1.76977
1.10614
-2.16722
1.96078
1.0695
-0.217032
-5.21177
2.6305
-2.06127
3.34674
-0.938174
-0.798716
-0.401015
7.63314
10.5834
5.08891
-1.33805
10.246
0.566891
9.93333
7.92067
-5.44601
3.31876
-1.99292
-1.54224
5.53547
6.75359
1.50964
-0.263992
-1.88885
3.80139
-2.10532
8.43739
3.63751
3.39712
1.01275
2.384
-1.89969
-8.48316
4.08609
-0.543827
-8.78275
5.51229
-6.32708
-4.66411
7.73748
-0.199714
-1.40969
0.183903
-1.85766
6.79969
2.02633
-0.690539
-4.73902
-10.5154
0.0841374
3.83099
7.51833
-0.16507
2.53124
7.47447
7.13113
-1.27446
5.22194
-4.44301
7.00527
9.54051
3.16807
2.49853
10.2127
7.4028
-0.236205
0.959246
-5.31248
0.574097
12.8775
-3.58475
-1.85886
7.40381
3.56535
-1.00119
-2.79272
-0.812639
4.37843
3.63602
5.71173
2.69341
-4.15232
3.26805
1.21888
-5.97385
0.716979
-0.573788
2.68162
8.45768
2.55572
7.13316
-8.08501
-0.237339
-1.72388
-6.5031
7.43577
3.4462
8.64318
-4.00606
7.89294
11.1394
10.3284
-1.42861
12.7288
0.136991
5.37726
0.591835
2.49479
-7.09017
8.27651
-2.76637
2.88961
-5.18351
-0.773757
-1.99103
5.9121
0.782455
-4.34587
-3.36009
4.20776
4.86222
5.28522
6.95089
4.43869
-1.67737
7.28177
5.45465
2.7581
11.196
9.65763
4.98669
-8.92038
-1.15253
6.39879
0.544544
4.35468
-0.21067
2.96338
-4.53552
4.05598
7.30675
-5.11588
-2.94127
10.8292
1.15853
-5.01174
-6.6122
-5.79026
1.35605
3.82806
1.61412
-3.08762
10.9347
3.45063
7.71321
-1.56225
-2.90363
9.22387
3.97836
2.76932
4.71019
3.54471
0.421806
-5.21268
6.03519
1.51736
-0.345615
7.04415
-2.09269
6.1202
-1.20224
2.9918
-1.29055
2.1081
-0.541957
3.53452
-1.30588
4.13052
-0.906425
10.1634
-5.14668
-3.15815
0.617734
1.22491
-0.139045
5.85545
3.28872
10.6106
9.09189
-0.0800444
0.321126
-2.80477
9.46911
5.94564
6.36848
-4.29929
7.76046
2.77339
2.39207
6.03901
3.80397
7.87822
-0.445993
10.2981
2.12579
-0.718675
2.62177
5.90628
-2.95518
-3.98143
3.98291
-1.86917
2.38297
-4.49704
3.54731
1.9393
10.948
2.03109
9.31491
0.0731973
1.86545
-1.10392
6.85742
3.81676
6.39917
5.63601
-2.44671
-3.92154
3.92103
5.5237
-10.3099
-2.94795
9.83867
-2.94148
-4.41986
1.27721
2.44027
1.77167
11.7482
-1.94306
6.42535
2.93769
2.52302
2.84643
10.9917
-0.419206
-0.969358
2.06438
0.0298494
0.577463
6.70687
-0.0976421
6.02432
6.78101
-1.1853
-2.96865
4.19245
4.05124
-4.80861
4.39982
0.207192
4.70296
-6.01128
1.01219
-5.30567
3.18975
-7.8745
-2.8657
-4.70175
3.20621
-6.25899
2.99824
1.13237
5.77563
7.34825
4.47952
5.51825
8.31239
-2.26652
7.23002
0.890733
13.3718
2.4716
6.65002
2.66554
7.99261
1.85734
3.69409
1.40614
-0.544282
6.68649
0.427501
5.72366
5.07935
11.4756
-1.39673
7.91027
-2.93942
-6.29593
-0.624998
-0.26506
-0.513647
12.7999
6.77362
4.80615
-6.5594
2.30563
-4.09898
5.07474
1.13431
4.52582
-1.56979
-5.6678
4.44557
-1.25137
11.548
5.2858
2.27767
6.8482
-0.0600857
4.9619
-2.10196
9.57547
4.56541
1.0647
3.8073
-0.710979
-2.37662
8.67035
1.75696
-1.05275
-3.93431
5.23887
0.360583
-1.22997
2.73924
3.33707
-4.80933
4.06173
3.92112
-0.811285
-9.13525
4.02734
-5.59454
14.791
2.56789
-4.3409
2.64695
3.47396
-0.861237
6.72009
2.59418
16.8379
10.2733
-6.32944
6.60667
-11.8908
7.81822
-2.47711
-3.67827
6.59008
1.53733
0.35463
16.2104
4.43307
2.60346
1.87248
-5.48881
1.06867
-0.97941
-4.36361
5.31689
7.66368
3.55846
1.14636
-1.79184
7.93417
1.19728
6.54403
3.1866
-2.9366
8.27878
3.14406
4.12895
-6.68308
-0.751099
10.5125
4.5829
9.30598
3.29353
-1.99383
0.892465
5.43163
-3.68527
-0.52696
-2.7588
9.21748
1.71691
-0.0497371
5.9479
5.55808
6.32655
0.884178
1.31194
0.944034
3.68776
5.5641
-2.51707
-5.86368
10.3203
-3.30824
6.71807
8.66508
-1.28395
7.68242
0.461936
-1.5235
-2.84544
-0.413621
4.07208
7.29426
1.74111
-4.79985
3.72803
5.72555
-1.53544
12.7809
0.562534
5.78545
-6.08462
6.13155
5.3592
1.69613
1.2936
5.39508
13.4349
-10.6554
4.66691
4.79233
-3.64198
7.89261
-1.83232
-6.0948
3.74187
7.05311
-2.94808
0.827107
-10.0914
11.3616
10.7388
0.323884
-3.53733
-2.06382
2.42234
0.852053
-4.71769
3.33895
10.4879
-0.490343
3.38736
1.78822
4.51791
-4.61667
0.148053
10.4737
-4.3334
7.97176
1.77062
-0.540887
-4.3496
8.00365
-0.599422
13.3171
11.7988
1.16896
13.9072
5.18387
2.94213
4.33867
8.20893
-3.50279
-3.0132
4.75562
5.98446
5.92725
-4.68852
12.6964
0.51733
8.14244
-2.41556
4.91809
3.16931
9.2117
1.21363
-6.38444
1.5858
9.94002
3.6882
-7.43801
7.45141
-3.57985
-6.84867
-1.56995
6.94985
-7.1832
-0.248737
1.44011
-0.961963
0.953308
-0.677762
1.23451
11.3283
-3.8772
10.5317
-4.27485
-2.12966
-1.00621
6.13767
0.681842
3.49251
3.96996
6.5627
-3.19936
0.106021
-1.8615
1.25209
1.01062
1.2749
0.798648
-2.51508
4.57513
-2.02044
5.51364
-4.14246
-3.3221
5.19158
8.65369
0.443795
2.93245
4.72618
-5.25368
-0.18819
0.456532
-12.9373
3.50118
-5.915
-2.45613
-4.13833
0.330218
3.86332
8.28625
1.68556
-0.354001
5.65418
1.11943
6.75056
4.73272
-3.00062
-2.28051
-9.25661
1.59821
-0.400138
2.43873
-6.56428
11.8528
3.08096
-1.8545
6.12017
3.44616
2.61439
2.89701
5.22869
-7.16145
2.36125
5.30416
11.1568
3.93874
1.23791
5.22768
-7.94101
2.38032
11.2509
2.91557
-1.92597
-9.88874
2.13745
11.3278
-3.31027
8.96484
9.2771
8.6479
7.34509
-4.3124
2.99588
2.60288
0.702293
0.643712
-0.40982
1.98574
-4.31058
1.92985
3.25067
3.93742
0.235131
-2.56915
16.388
7.11263
-0.104638
-4.46143
6.46655
-3.66739
5.34703
2.51146
3.99271
-3.66976
-5.10098
-2.60355
0.166083
0.507846
10.5727
-0.80999
4.62731
-3.57647
-2.82648
3.59681
3.08534
4.82739
1.94247
2.44717
6.66583
8.3426
-2.93902
7.5918
8.74292
-0.71463
7.61131
16.5953
0.223976
2.00109
7.53926
0.744406
3.16518
-5.29162
5.73687
-2.29244
0.191599
4.5042
6.34628
-4.13497
1.90311
2.32232
0.498505
2.00181
-1.75841
3.24423
-7.05105
8.03829
2.71052
5.78109
-8.29492
6.05633
4.02451
15.4963
3.78499
-2.2869
3.52515
-4.10885
-0.745526
11.7721
4.58661
5.21303
-1.96729
12.9053
2.89154
-2.90342
0.408639
7.77208
-10.2746
-1.05414
-4.05605
3.18816
3.55002
10.7317
6.46485
-2.51159
5.33803
4.95575
14.1503
-4.28856
-4.65887
-6.28947
-0.240445
11.559
2.60187
0.130105
5.57209
3.15758
0.780926
6.69544
5.98887
0.983663
7.29311
2.62473
-4.69777
-1.98422
0.693496
3.15752
0.512777
0.401404
-1.98633
-0.12969
-0.340161
4.00101
-1.55412
5.37398
13.7854
13.265
3.6799
9.8001
10.6807
-4.33889
-6.25693
0.793106
7.83435
1.64045
2.89363
8.54965
-1.70292
7.33389
3.7881
7.63955
7.13364
7.79396
1.97839
-1.68188
-3.07096
8.34548
-7.96917
7.05757
11.1653
-0.878954
10.4029
-0.37914
-4.80359
13.7639
-5.44444
6.87337
8.03322
-7.30317
3.80098
3.22357
-2.22962
-7.28569
-0.449506
-1.3067
-0.497648
4.63662
3.07316
3.99845
4.47562
-0.284062
-0.472175
2.84556
-0.603376
0.401983
-4.57458
6.29045
3.80307
-0.395857
1.35045
8.34143
8.73225
7.5965
1.66707
-2.1128
-1.32608
4.72025
-0.00250514
6.05319
-6.86353
-4.15156
6.16295
-1.09024
3.96451
6.49704
-3.52872
3.1403
3.80224
-0.373454
-3.63695
-1.33842
3.71521
8.18256
4.63701
1.61393
-0.525508
-3.38598
9.7011
2.13745
-8.19028
4.61353
-0.135781
10.2268
-7.40323
2.97544
-4.37352
5.19894
7.61597
9.28595
15.5749
-1.60386
13.0901
-1.99863
4.28997
9.32421
4.51286
9.85609
0.953169
6.98542
1.63732
2.21012
-5.13128
-5.92555
-10.7342
4.9234
0.142227
2.50237
8.61216
0.605982
4.01722
9.6209
1.24503
1.08593
7.82397
4.28955
-8.40021
-0.596027
2.26653
-5.41234
12.1585
-2.20321
-3.78836
-2.54982
2.27861
1.34745
2.53311
-3.50732
1.07509
1.17869
-0.261307
0.751919
8.0168
2.63922
-4.55591
-0.983146
8.21212
-1.38263
8.05093
-6.70113
3.04557
2.4796
5.80589
4.53476
1.17609
-6.55228
1.60139
5.8983
3.56681
12.598
-4.11197
-0.654472
3.62084
-2.74494
-1.77074
2.11863
-3.64715
3.19924
-8.6719
6.84481
3.18451
1.51942
4.03231
-9.14798
7.46258
-1.17716
3.57278
4.27656
4.4931
-3.0814
-0.192582
3.9686
3.41289
3.81419
4.40166
5.98035
5.68569
-8.89412
-1.5278
4.03576
5.14557
3.28251
2.03895
5.68076
5.95549
-8.54958
-2.69791
6.72345
9.21232
8.02424
-3.5185
-2.10484
-4.92014
0.406277
3.52813
1.34247
0.95308
1.37062
3.60916
-2.86762
6.84006
6.50276
13.5993
3.49398
2.69203
-2.14207
10.2091
0.208835
4.66727
-1.17686
13.1166
-5.43151
1.90497
-0.470478
8.34245
-2.27912
-10.066
1.38679
-4.80517
-8.11166
-11.2896
6.30694
2.51608
-0.823011
-8.14727
7.80413
-5.67964
9.94305
9.36531
1.91338
2.04435
0.738952
5.93288
7.5223
-0.581155
-0.0904297
1.98053
9.95019
2.33465
-1.36458
9.73801
0.87705
2.60918
2.70083
-5.5123
-1.62819
-5.96074
-1.62986
4.55731
8.23089
0.0757518
9.32639
1.80836
0.159536
7.48847
1.45255
-3.96718
5.94894
0.892045
0.187411
-3.91068
-0.975174
3.73887
2.45391
-4.14131
1.03346
2.92876
-1.07966
4.05887
1.95463
0.872447
6.09303
7.67404
4.80619
2.06505
-5.44831
-3.66571
-5.33661
5.49378
5.27481
8.31645
1.7493
-0.671161
10.3166
3.47952
-2.67596
-1.86982
4.11465
-2.22834
-0.469331
-0.824879
-4.20521
-0.124057
8.06404
3.32709
4.13683
2.691
4.14737
-3.80462
-3.72786
3.14969
10.3774
-6.08875
0.675072
7.42535
2.15612
5.50659
-0.0707745
-6.62491
-0.487263
0.12102
4.87378
7.42907
14.4927
-0.238521
8.93882
4.38405
0.231536
4.7639
9.92252
2.01871
5.81849
6.45649
-5.03051
7.76557
2.63279
4.91988
4.01066
13.3232
3.35748
-2.60047
-4.9238
5.7222
1.74771
-8.60324
3.24219
5.06371
-2.46978
-4.73308
-3.07893
1.6859
8.16574
9.46281
9.79975
5.35555
5.49437
0.607637
-7.14252
4.3241
4.50107
-2.05513
5.94205
3.93046
0.468195
-2.03525
-6.01313
11.9626
2.76902
2.10436
2.98555
1.26226
2.45299
5.04747
0.683787
6.69272
5.42135
1.85408
-1.25853
-0.994683
-4.96348
3.64927
-0.711813
6.96416
-0.85347
5.96151
0.557498
0.156859
-3.5892
2.6854
1.75238
3.57707
-0.231115
5.7982
1.79844
-0.190266
-3.57472
-4.05811
3.51298
0.570627
8.70829
-8.53797
-2.44528
4.63557
10.7172
0.190688
0.517595
6.96347
-1.75959
3.79207
8.81836
0.183297
0.686316
5.94702
10.2021
3.11411
5.51568
4.60341
3.72969
-0.256906
2.67173
2.57384
6.85957
4.56022
3.58185
-4.27626
-2.8455
5.49359
6.80068
7.34189
-1.20927
8.11697
13.9036
-3.1808
-7.73214
4.25132
-0.19301
-1.06231
3.7482
5.49077
-0.530461
1.33466
3.61615
-6.58548
2.19569
2.10165
6.11408
-6.33333
8.56528
0.820346
-3.12717
0.612128
10.7527
-1.28321
-5.29845
2.84278
12.0587
5.47048
2.04175
-8.33064
7.26202
5.85952
0.130258
-0.0417514
6.81112
-2.05839
-2.89987
2.29654
5.55984
1.22347
5.90991
-1.90764
7.0918
11.5053
3.30457
-0.612183
6.93109
-3.34367
4.2904
4.4429
10.0982
-3.30328
2.38738
1.36494
3.90525
1.46466
1.96164
3.8636
-3.08823
2.43943
5.10773
-7.03615
1.66242
-1.11317
5.33641
2.01368
-5.9996
8.29912
6.25424
3.07485
8.90776
-1.65498
3.18152
0.629509
5.46265
-1.58765
1.21954
4.57987
0.442918
2.53629
-0.312295
7.60429
-1.80864
2.18646
5.20375
5.40611
-4.04447
0.783251
-6.51779
4.59824
6.59809
1.98446
4.8806
6.72286
2.62984
2.16222
6.52647
4.76519
14.5399
16.2236
1.64766
6.45777
2.91237
2.0284
2.29075
-8.08276
-0.915657
0.991713
-0.806104
-4.97571
-0.541944
5.43443
2.49169
-0.351419
1.44385
5.3206
0.799118
-2.27883
-5.33293
5.8972
9.49759
5.90375
5.69728
8.49031
2.66235
0.183375
8.86919
2.44124
-3.61364
7.34052
10.204
-4.5122
-0.177725
0.0199372
6.43662
-4.13086
-1.42321
2.92084
-4.32608
8.14644
-1.80888
3.35471
8.26958
3.37953
-5.50094
2.67435
6.00401
3.75901
-1.50636
-6.08432
2.84398
8.79861
-3.42362
1.53019
-1.03299
-2.67766
9.9455
0.76509
-2.71696
-2.01107
2.44084
-1.61968
5.07287
3.97107
1.56343
2.48825
0.296217
10.2476
5.5635
2.96362
0.0524712
1.66137
1.35371
7.95772
-0.345765
0.753792
3.50621
5.52771
-5.84405
-1.563
10.6046
-2.45149
-2.31897
1.3747
2.85878
-3.90744
3.6348
8.67463
7.04195
2.16654
-4.50976
-6.37813
-1.31644
-3.35756
-0.466545
5.58103
-7.65173
7.96199
0.530738
5.56113
4.26829
-6.2582
-1.65936
6.8351
3.21086
-6.04552
6.67393
6.34636
-1.14006
-1.26257
3.22271
1.98819
8.57402
2.99449
4.80016
9.97423
1.54063
1.21832
-2.49972
-1.63124
-3.51242
-6.30267
5.52564
0.411797
3.35069
12.2434
9.39559
-4.91245
10.1501
3.69632
-0.0504561
10.6045
2.43076
7.22439
7.95553
7.18212
2.71209
-1.47083
-6.12731
2.54506
9.22972
8.65259
5.66938
-7.13043
7.58219
-0.43748
0.835813
5.72201
7.43145
2.06657
1.29955
3.49714
4.10875
8.51182
0.227505
-3.06605
0.267633
2.24404
9.56866
2.56119
1.43908
-5.81473
0.29323
8.97205
-3.45954
15.8912
-6.08199
-2.96935
4.1006
10.43
-3.80265
5.24876
0.768839
-11.2
-5.57816
-2.13069
-3.05644
2.22745
0.0861301
2.16785
0.944688
10.3958
2.32135
6.74237
2.21718
7.29794
4.00795
-2.06019
-3.16526
0.586303
8.88867
-3.24466
1.16626
9.06555
8.3326
1.97486
-6.47559
-6.04262
-7.70842
6.32794
-6.94531
0.580162
-1.40681
4.44743
3.46437
1.67366
16.2827
4.09931
5.3576
0.447717
-0.520569
2.51556
5.78702
-0.492561
1.4731
-0.311809
2.45578
4.0828
-3.17875
7.52754
-2.49157
4.95325
3.99195
6.12852
6.42517
-0.424892
-1.23577
2.64893
-2.89206
-1.28375
1.69665
1.93447
4.01483
3.13871
4.51538
6.33021
-0.290775
-4.03703
-1.01211
5.65754
-2.07982
3.56336
1.06996
5.51551
9.83041
4.33479
-1.269
4.05601
3.11206
-3.72371
1.87077
-1.38934
3.04872
1.18799
5.43308
-4.04377
-0.968493
11.641
-1.19593
-0.168889
9.81805
-1.486
10.4945
1.41388
2.91172
4.86044
-1.21369
0.936554
-1.15434
-1.34232
-2.3621
1.22019
3.08389
10.3032
9.73763
9.42064
-1.79369
-7.28395
8.56579
2.47758
-4.19448
3.55104
2.33917
1.9579
-0.459127
-2.19061
-0.961792
7.04693
-1.5687
4.72162
1.33915
3.08271
0.752149
-3.97952
2.7826
-2.76036
11.2216
-3.82053
-8.57419
6.86726
2.16898
3.64763
-1.31083
-9.60577
7.48091
2.74895
1.41938
1.75649
1.16483
1.78301
3.5884
3.38882
-4.80545
5.66134
6.65784
0.192195
1.12737
-0.245687
9.88215
6.20609
1.64013
2.29126
9.7559
0.964193
3.55739
-2.09898
3.63481
-2.46999
3.20381
2.67997
9.09862
3.19844
3.61862
5.59246
10.6354
5.10563
-4.97821
2.28886
8.24963
-5.11627
9.51232
-0.371489
2.76028
-2.19273
8.06926
3.30622
-0.698684
3.58486
2.17303
4.3616
-0.437594
-7.29662
9.30724
-1.5945
5.76351
10.1882
2.16594
11.3934
12.4113
6.53387
11.6684
1.33671
11.9874
6.02859
-1.90742
-1.08865
6.21875
6.03816
-0.395169
9.50082
3.20827
-0.0824611
-2.35575
2.1134
-1.41302
1.92328
3.24885
9.56794
11.6836
0.383197
0.965447
3.98355
2.44272
-3.78894
-2.54411
-2.32131
5.7836
0.844552
-0.675677
0.340777
6.5621
4.27045
7.31025
-0.812365
-3.00368
12.0515
7.51638
4.39197
0.263884
4.04981
5.08634
1.84732
-3.69537
-6.14863
13.9724
1.55918
-1.58713
-2.56611
2.62625
-4.97123
7.6952
3.72273
-1.01861
2.68965
-5.08759
-4.70168
7.90547
10.8287
-2.42888
1.06159
3.9594
6.44883
1.39705
-0.0590585
-1.25991
4.14784
7.40617
4.86923
-4.90263
2.07659
-4.02384
4.7945
7.47249
0.30967
4.83562
12.9851
8.83569
3.10056
5.06071
1.28568
2.08742
3.03298
4.19753
4.07154
-7.17579
-0.250718
2.13352
-2.94288
6.48706
9.32542
6.76383
-1.01277
0.173944
2.95225
6.11231
2.67968
7.89486
2.84269
8.15702
1.44127
6.37091
-5.32637
9.43507
-2.39699
0.552153
4.65364
9.50934
4.14479
9.64427
3.71227
-1.05786
-6.57938
-7.49034
6.86513
2.38888
-5.65627
9.28563
3.61155
1.89735
1.82524
-10.2959
-3.17801
-0.0352545
-2.75488
0.752756
7.43266
1.76497
-2.28599
7.07953
3.99518
-1.53116
0.777454
-2.04205
0.23375
4.05432
3.80822
2.29005
0.455363
10.3403
9.10517
0.166389
-0.404135
-9.72091
8.14616
3.67729
-0.365692
7.71226
10.0404
8.56229
9.64934
4.33033
0.244468
8.95458
1.85238
0.179087
-3.16094
0.662988
-3.79695
6.9827
7.2166
0.299101
16.9114
-6.64766
3.61101
5.83061
5.58607
9.23798
4.23962
-0.487792
-5.94933
-0.981637
-1.7062
7.19586
4.55564
8.68982
2.23692
14.5241
1.09537
-2.25199
2.97803
0.947195
-0.806521
-0.278447
8.61695
2.88031
10.7627
-2.02844
1.71984
-4.39927
0.0692441
-1.73805
0.308395
-3.74998
-0.650458
2.33007
-3.04086
5.43392
3.69314
5.11552
-5.16432
-0.0622501
-2.15075
-3.91289
0.814609
7.02782
2.08147
-0.28385
3.67706
9.8885
1.93796
-7.6014
0.632555
6.59649
-6.37433
-2.57498
-9.04036
3.06131
3.30759
-0.323103
7.84114
5.70039
-1.80116
3.853
4.0404
-2.15405
-1.84453
-4.84946
-0.398884
-0.942915
0.613597
5.708
-0.733444
-2.70993
10.8037
-2.36414
4.98568
3.4236
2.5449
0.805555
-2.07729
9.35448
-2.09158
2.91846
-3.48948
-0.680422
2.50428
1.10988
1.06396
6.17236
-3.86349
-10.1789
-0.293266
3.34081
2.94251
9.9128
4.6728
2.70449
-1.09718
5.46228
-6.77813
0.212715
0.52712
5.14372
-5.17401
8.66808
1.18916
6.25371
-4.01505
3.46219
2.02832
4.46806
8.91621
7.74213
10.7259
-3.2393
2.40718
-5.71044
2.36037
0.877221
14.1668
-1.67614
0.717745
-6.52174
-0.132699
6.32267
3.63741
6.63604
-8.50976
-4.64809
3.58309
-0.655701
5.37999
9.24194
1.70066
2.53379
9.95462
3.96601
6.64793
-1.79239
-4.60711
-8.59253
-2.75922
2.93859
-1.65056
8.06841
-10.1264
9.53172
-1.05367
5.71432
-0.185311
1.06888
7.63381
4.23303
-1.68405
-1.86928
4.69166
4.44787
14.9491
0.330573
4.52277
7.21964
1.76071
-3.62439
4.48861
1.89805
-0.747844
4.05567
-0.164235
1.18236
9.73769
8.00064
-2.87788
4.89268
14.8277
-1.19844
4.76513
2.37191
-1.72893
1.13011
-0.195103
-3.96712
-10.6039
0.620449
-4.66685
7.72619
0.889486
2.48566
-0.342021
-1.43462
2.56455
-2.23838
-0.155414
-0.828095
-3.98727
3.35583
-1.2086
1.9531
-1.72769
3.76121
-1.27456
2.94672
4.85613
3.18496
-2.80014
11.9275
5.00628
-2.63272
1.01574
5.81339
7.55802
-0.209729
2.55065
2.21133
8.13648
-0.184209
0.0832931
6.13742
-8.78078
4.38586
-4.26504
1.35618
-4.63852
-0.225546
8.40305
4.11367
1.02939
3.55936
-1.42333
-0.518243
3.70262
5.73033
3.00521
11.1253
-0.770384
3.04964
1.2695
13.2161
-2.10491
6.50599
12.8319
3.06104
5.99306
4.83858
2.66307
-4.50682
2.14252
7.70582
4.40318
-1.47213
-9.33422
8.82557
-3.57137
2.58685
14.3663
-0.0366377
12.1913
5.88234
1.68136
3.36232
1.47368
5.46459
-1.21056
-0.578929
-5.32284
4.07522
-2.23468
2.97662
4.98554
-7.04774
10.2816
-3.59288
0.605331
-0.546456
6.91082
0.629715
0.18388
0.0637715
0.0207055
-9.12162
-2.80488
4.1824
9.76272
5.01868
-0.729383
-7.30493
2.96422
-8.38026
3.02531
9.87225
-3.67759
5.86949
2.4969
0.15956
-5.16298
0.0789077
-6.65292
7.9436
4.54581
