0 1 0.0044
0 6 0.0044
1 2 0.044
6 12 0.044
2 3 0.00127
12 18 0.00127
3 4 0.0125
18 24 0.0125
4 5 0.001
24 30 0.001
8 9 0.00127
13 19 0.00127
9 10 0.0125
19 25 0.0125
10 11 0.001
25 31 0.001
12 13 0.0044
2 8 0.0044
13 14 0.044
8 14 0.044
14 15 0.00127
14 20 0.00127
15 16 0.0125
20 26 0.0125
16 17 0.001
26 32 0.001
18 19 0.0044
3 9 0.0044
19 20 0.044
9 15 0.044
20 21 0.00127
15 21 0.00127
21 22 0.0125
21 27 0.0125
22 23 0.001
27 33 0.001
24 25 0.0044
4 10 0.0044
25 26 0.044
10 16 0.044
26 27 0.00127
16 22 0.00127
27 28 0.0125
22 28 0.0125
28 29 0.001
28 34 0.001
30 31 0.0044
5 11 0.0044
31 32 0.044
11 17 0.044
32 33 0.00127
17 23 0.00127
33 34 0.0125
23 29 0.0125
34 35 0.001
29 35 0.001
0.0044 0.044 0.00127 0.0125 0.001 