3
2500
0.431846
0.823035
0.300734
0.241448
1.23162
0.361137
0.25072
0.517832
0.0256633
0.133418
0.292151
0.0104873
0.879789
0.00665004
0.503759
0.136514
0.139783
0.178612
0.792843
0.351354
0.281812
0.00261964
0.112736
0.435909
0.404002
0.201075
0.0844089
0.685416
0.421299
0.722267
0.136671
0.371
0.310065
0.0229939
0.487353
0.584565
0.052161
0.000795757
0.22699
0.034013
0.392937
0.326997
0.4688
0.206507
0.500891
0.464221
1.24698
0.0653221
0.199008
0.601456
0.286144
0.170158
0.523077
0.225765
0.260627
0.448122
0.0445628
0.0460195
0.483753
0.194703
0.077843
0.72908
0.138212
0.606978
0.860201
0.533209
0.12701
0.230784
0.0484022
0.201879
0.263714
0.711388
0.431534
0.14177
1.02957
0.303545
0.0662002
0.143526
0.477045
0.240465
0.638311
0.148608
0.481862
0.0759919
0.205465
0.0827853
0.167751
0.0504255
0.442434
0.293434
0.613107
0.485993
1.52291
0.817741
0.855287
0.694089
0.52097
0.735093
0.145618
0.152539
0.0254118
0.569341
0.37779
0.374397
0.378616
0.121844
0.256991
0.118927
0.527359
0.593395
0.262856
0.0298467
0.0779286
0.0567855
0.118918
0.11656
0.0969063
0.138919
0.150418
0.283237
0.614109
0.492864
0.0847442
0.138729
1.33554
0.124035
0.145404
0.0846969
0.403985
0.672292
0.200604
0.209471
0.282848
0.153205
0.00130557
0.0358105
0.0833368
0.66365
1.29086
0.265926
0.141183
1.19474
0.378414
0.07037
0.093751
0.16803
0.429238
0.442723
0.356618
0.479363
0.138329
1.96979
0.71009
0.260952
0.0148052
0.351447
0.127411
0.484744
0.0535672
0.0515025
1.51506
0.149302
0.221605
1.06765
0.0120961
0.0442091
0.228018
0.134421
0.586625
0.408679
0.214227
0.143892
0.393044
0.255877
0.060836
0.203651
0.496744
0.135283
0.357177
0.823773
0.0748159
0.205953
0.178111
0.0490165
1.33952
0.0180262
0.314888
0.335984
0.101585
0.279476
0.130362
0.252416
0.10845
0.159616
0.71709
0.0593316
0.127206
0.0353996
0.502953
0.147429
0.111489
0.208074
0.120637
0.0238384
0.121271
0.124636
0.211019
0.183591
0.25224
0.413863
0.718993
0.257346
0.109815
0.554851
0.542001
1.58964
0.119019
0.387767
0.796251
0.298785
0.337024
0.019512
1.0795
0.00860985
0.00560807
0.260097
0.467292
0.0141525
0.96051
0.773194
0.101886
0.185121
0.944636
0.138389
0.903795
0.98452
0.151659
0.381024
0.20273
0.135018
0.0288183
0.0493265
0.790489
0.233644
0.367103
0.127335
0.227266
0.372938
0.0933733
0.482878
0.0513349
0.00628041
0.310548
0.639324
0.0409198
0.0774929
0.0555875
0.403556
0.341547
0.295324
0.102663
0.114691
0.00384722
0.299195
0.477449
0.358023
0.0915533
0.319597
0.260241
0.291244
0.107142
0.208529
0.216431
0.703334
0.4362
0.155779
0.238855
0.155978
0.0170349
0.681144
0.0599904
0.279744
0.0421938
0.0166624
0.44109
0.585895
0.181969
1.59811
0.803282
0.240212
0.0447104
0.457598
0.455375
0.159152
1.0883
0.0186376
0.029286
0.383334
0.0581121
0.24128
0.401412
0.00352124
0.270225
0.0297404
0.0376994
0.97668
0.00287051
1.89289
0.607624
0.0822225
0.0176747
0.121258
0.180331
0.120715
0.383717
0.106799
0.31123
0.078255
0.359156
0.0889893
0.0584778
0.0633739
0.225872
0.686793
0.0797573
0.076791
0.0738663
0.365888
0.294854
0.189736
0.0940386
0.356275
0.0906846
0.57045
0.178472
0.0615906
0.0186853
0.0121394
0.819762
0.38738
0.0716384
0.885986
0.441251
0.121108
0.0280021
0.124347
0.0834314
0.285952
0.172478
0.239366
0.144825
0.265707
0.201963
0.163286
0.00190563
0.536162
0.713285
0.0928795
0.87455
0.0670644
1.13899
0.0489971
0.43648
0.724502
0.0468186
0.0538216
0.250125
0.317505
0.32002
0.58913
0.356853
0.226598
0.168002
0.00995943
0.975544
0.685284
0.0649013
0.217555
0.0532475
0.349502
0.462286
0.759082
0.119531
0.064399
0.27111
0.228166
0.00552354
0.668221
0.168228
0.215127
0.464368
0.0936938
0.567449
0.0293705
1.45636
1.32779
0.218818
0.684679
0.283177
0.202938
0.623345
0.111864
0.23245
0.321701
1.03445
0.0482298
0.155822
0.610442
0.246799
2.01057
0.452964
0.498923
0.475028
0.2763
0.122182
0.394438
0.0893804
0.299489
0.250534
0.163062
0.214867
0.768099
0.16276
0.547696
0.469518
0.18003
0.147526
0.406489
0.727987
0.395732
0.43715
0.0951428
0.0732385
0.30578
0.112741
0.108522
0.460233
0.0385367
0.583081
0.186751
0.0505085
0.604556
0.436198
0.09281
0.0565934
0.0835007
0.461278
0.100241
0.139602
0.0746524
0.0799714
0.282671
0.232865
0.0548371
0.095142
1.53235
0.00324264
0.0985805
0.838413
0.652245
1.99115
0.43926
0.0463537
1.45037
0.236412
0.220258
0.181736
0.0551655
0.923431
0.104117
0.307933
0.0223591
0.111584
0.133519
0.184247
0.429651
0.377198
0.373019
0.0278268
0.412023
0.641379
0.0143235
0.26363
0.228069
0.399063
0.0718317
0.334575
1.13099
0.0327134
0.404831
0.134135
0.155261
0.344153
0.0667756
0.220846
0.316502
0.401621
0.332081
0.495587
0.158297
0.0393062
0.567548
0.103913
0.376894
0.125232
0.0333215
0.0685647
0.341039
0.134127
0.568795
1.44377
0.194112
0.0914055
0.68834
0.138684
0.40505
0.648523
0.0996915
0.00505216
0.286292
0.0857986
0.0481786
0.3655
0.762238
0.528516
0.554087
0.452143
0.698682
1.16584
0.0621786
0.0710762
0.13504
0.232127
0.375002
0.00331106
0.601254
0.0396202
0.148259
1.10234
0.0717351
0.289429
0.294495
0.0291092
0.502035
0.10842
0.0902802
0.228673
0.175704
0.0259913
0.190203
0.0940694
0.150998
0.715981
1.0674
0.0401353
0.356999
0.410202
0.55347
0.412635
0.068833
0.0143006
0.0997912
0.159197
1.12532
0.763314
0.467473
1.34686
0.494874
0.300206
1.14863
0.435917
0.145178
0.363127
0.335828
1.53229
0.0103794
0.747078
0.269509
0.0447921
0.037458
0.219441
0.560203
1.04825
0.202432
0.285824
0.180573
1.05625
1.15365
0.243606
0.349294
0.363951
0.125956
1.06715
0.146673
0.0481864
0.0528361
0.973697
0.00313454
0.0392938
0.0466073
0.207093
1.09616
0.348039
0.136154
0.0387369
0.0224902
0.374862
0.107017
0.116572
0.0475192
0.994551
0.0266993
0.316974
0.0413704
0.267153
0.980925
0.0519442
0.61973
0.150804
0.0634581
0.666923
0.492266
0.114146
0.209174
0.0805059
0.139929
0.339759
0.0698462
0.104894
0.125482
0.0370764
0.797173
0.187577
0.153772
0.0217924
0.130344
0.304427
0.070284
1.11484
0.559746
0.0475733
0.660839
0.00691311
0.0273412
0.312058
0.0187278
0.0918058
0.0180063
0.0304898
0.301495
0.193545
0.695141
0.0747705
0.353827
0.147686
1.27037
0.0271938
0.398752
0.220363
0.604534
0.363898
0.573652
0.716274
0.0559539
0.349279
0.744778
0.356388
0.182729
0.243809
0.33157
1.36668
0.300643
0.205071
0.130148
0.293588
0.282915
0.659224
0.235159
0.301678
0.739712
0.359519
0.126646
0.161729
0.177515
0.119497
0.0198661
0.393087
0.571803
0.136769
0.254414
0.409533
0.217718
0.79782
0.059538
0.201381
0.0588213
0.0970427
0.0316961
0.196381
0.0148869
0.0666198
0.16458
0.503964
0.100679
1.01255
0.634288
0.207957
0.0231819
0.570666
0.0959582
0.14323
0.226235
0.314969
0.162824
1.38514
0.0270707
0.0995003
0.000957432
0.213037
0.0653118
0.00888618
0.712935
0.0837273
0.171119
0.415824
0.00442551
0.115667
0.0360628
0.731079
1.0164
0.0349656
0.164591
0.34573
0.449098
0.0637337
0.206271
0.543951
0.0251118
0.479563
0.0928829
0.185782
0.181768
0.0800444
0.094818
0.315381
0.513076
0.0515072
0.00108129
0.411787
0.221346
0.115233
0.0687692
1.43098
0.118698
0.210087
0.344635
0.232042
0.106518
0.799319
0.169841
0.102461
0.0413943
0.844372
0.0191843
1.73272
0.294385
0.697096
0.25772
0.306077
0.343817
0.0349249
0.171142
0.101682
0.382913
0.320002
0.0747576
0.0102688
0.0215996
0.295129
0.591458
0.166119
0.153206
0.324256
0.673753
0.932545
0.0339266
0.400669
1.37722
0.486808
0.813441
0.209176
0.600204
0.362775
0.883515
0.688406
0.495728
0.743319
0.00514865
0.399962
0.0852944
0.101829
0.361483
0.05777
0.359302
0.0909551
0.490179
0.484841
0.592534
0.425803
0.310611
0.130602
0.0475124
0.0425944
0.0247955
0.257565
0.133935
0.184829
0.25038
0.168863
0.00371904
0.16007
0.792912
1.13222
0.180169
0.15571
0.162725
0.578692
0.473347
0.00473755
0.740263
0.313329
0.103363
0.0955818
0.486863
0.470249
0.831641
0.1566
0.531978
0.0264824
0.345341
0.595687
0.195318
0.185364
0.0698723
0.0158282
0.230929
0.915009
0.781833
0.00249461
0.0236518
0.738598
0.180785
0.0674539
0.192347
0.746633
0.444332
0.145282
0.272978
0.260315
0.0764588
0.123328
0.175914
0.47518
0.852046
0.315056
0.0466362
0.592077
0.295342
0.118491
0.113764
0.206504
0.252491
0.0124246
0.152436
0.163367
0.135094
0.107821
0.0594612
0.0389358
0.756713
0.0325341
0.120181
0.191651
0.141382
0.0419944
0.280205
0.65356
0.126612
0.157552
0.121393
0.190508
0.276502
0.0733479
0.166305
0.0927761
0.515238
0.303824
0.119668
1.16926
0.347532
0.16361
0.268111
0.114887
0.0617817
0.105982
0.0102595
0.192949
0.61864
0.167538
0.0112762
0.0882438
0.295524
0.922775
0.113289
1.1073
0.0332195
0.0115453
0.163845
2.08264
0.29314
0.416297
0.0700447
0.377155
0.0288426
0.977451
0.211832
0.0816234
0.779849
2.38797
0.0638392
0.072081
0.168852
0.471139
0.0176019
0.283423
0.298562
0.0616664
1.30128
0.137102
0.217649
0.11652
1.34931
0.369889
0.434439
0.486412
0.334571
0.070357
0.554491
0.16196
0.8635
0.274226
0.0532848
0.47943
0.150205
0.384522
0.25534
0.128119
0.124774
0.5128
0.2882
0.234783
0.0814599
0.0694174
0.250267
0.30181
0.397606
0.0822028
0.437646
0.849054
0.28034
0.306743
0.0450221
0.226484
0.378781
0.464603
0.0530596
0.154593
0.89192
0.615935
0.445923
0.654307
0.119209
0.636709
0.268312
0.811164
0.458215
0.12345
0.112115
0.0486679
1.23162
0.372858
0.406177
0.056529
0.0404609
0.211821
0.521751
0.139164
0.0032386
0.0864209
1.23834
0.123721
0.475954
0.447688
0.0904706
1.40818
0.0353294
0.349113
0.312527
0.0535031
0.298808
0.13557
0.44774
0.139918
0.0659344
0.0624359
0.674566
0.495169
0.108833
0.101231
0.667733
0.107114
0.0114735
1.2755
0.00900069
0.572373
0.208186
0.448788
0.19645
0.210718
0.111171
0.84428
0.164201
0.529292
0.270723
0.0628643
0.173795
0.257607
0.115902
0.111939
0.249683
0.401842
0.384098
1.07713
0.888354
0.146036
0.563563
0.143242
0.181095
0.576844
0.129706
0.33892
0.420613
0.238552
0.271961
0.0712855
0.10477
0.494122
0.00992779
1.28437
0.0240406
0.0675127
0.160944
0.615106
0.0455676
0.0391489
0.347309
0.0790735
0.603999
0.0516034
0.0847985
0.00445639
0.5941
0.315602
0.707798
0.156459
0.212889
0.213925
0.084555
0.0824171
0.0729457
0.0634836
0.248122
0.118064
0.249344
0.0956581
0.369398
0.280172
0.713069
0.616563
0.217958
0.565285
0.667768
0.017152
0.274385
0.346968
0.19826
0.389173
0.37482
0.148614
0.0105481
0.0626892
0.0194034
0.00173814
0.187564
0.0735019
0.0383765
0.211786
0.699612
0.194077
0.0914283
0.0648546
0.238553
0.0554237
0.288917
0.24482
0.0141968
0.720691
0.107536
1.34905
0.21192
0.368058
0.0999081
0.203102
0.216964
0.0628197
0.146075
0.27273
0.132579
0.337668
0.00558394
0.238346
0.0237071
0.0571519
0.338241
0.00876642
0.0942205
0.0876161
0.890394
0.965157
0.124255
0.437727
0.0326981
1.11471
0.491136
0.147266
0.293926
0.0468801
0.10394
0.0332706
0.545937
0.537627
0.392604
0.376331
0.442875
0.391337
0.135642
0.244607
0.343416
0.0229998
0.130331
0.101476
0.301347
0.634363
0.275138
0.729327
0.686982
0.12435
0.403131
0.213824
0.162634
0.367052
0.935951
0.190367
0.13973
0.149134
0.0113253
0.144866
0.07559
0.153256
0.179437
0.669146
0.142675
0.0737955
0.236561
0.222712
0.106267
0.0633444
0.499218
0.273328
0.22982
0.317441
0.033472
0.68668
0.0385965
0.0313507
0.410828
0.239339
0.147154
0.138322
0.237814
0.163779
0.0409706
0.452178
0.125613
0.334467
0.631694
0.23757
0.228465
0.508916
0.552125
0.262292
0.203134
0.18711
0.619952
0.161501
0.0827971
0.611291
0.0410304
0.129162
0.358015
0.272728
0.00455687
0.0293639
0.0843191
0.146661
0.563832
0.255738
0.852215
0.426399
1.44927
0.0832336
0.0613509
0.107571
0.293788
0.016082
0.104879
0.190526
0.215047
0.091495
0.142262
0.406565
0.00777667
0.658545
0.0298484
0.094781
0.113657
0.0588168
0.616752
0.0895065
1.09555
0.216065
0.17272
0.700159
0.188368
0.327905
0.282868
0.125956
0.454001
0.196696
0.0470828
0.242208
0.497389
0.626531
0.200675
0.181057
0.050839
0.102813
0.321799
0.707682
0.074999
0.247275
0.256356
0.615025
0.791714
0.0561462
0.296616
0.0604084
0.102705
0.0117963
0.144483
0.343437
0.0237628
0.31835
0.476782
0.0992267
0.157677
0.0287476
0.176113
0.00734517
0.0732337
0.00809225
0.366891
0.0936791
0.797103
0.922867
0.18288
0.0846508
0.652607
0.0802973
0.0940096
0.283574
0.711681
0.00457838
0.166488
0.526999
1.12016
0.58552
0.0818301
0.569603
0.00158438
0.34233
0.0536542
0.0395065
0.495508
0.0883678
0.152986
0.0611843
0.0955312
0.440086
0.00464365
0.533647
0.0761783
0.744408
0.191763
0.468412
0.207518
0.48056
0.0777486
2.14435
0.212615
0.280707
0.679098
0.269595
0.0566051
0.230261
1.07972
0.170589
0.227787
0.403665
0.298132
0.537752
0.0516426
0.270589
0.0354579
0.522373
0.385483
0.0258759
0.329255
0.376229
0.00614746
0.277215
0.244871
0.0300734
0.148032
0.190987
0.0225472
0.0212128
0.116984
0.456849
0.534139
0.0890281
0.121026
0.289384
0.0296085
0.0206089
0.449226
0.592243
0.740063
0.309499
0.268753
0.0177161
0.182629
0.0705878
0.145972
0.183715
0.0582054
0.425113
0.339725
0.179426
0.335368
0.188003
0.585152
0.557713
0.0848231
0.151635
0.279346
0.207665
0.496545
0.0343798
0.51134
0.0403712
0.0517216
0.230382
0.127291
0.541858
1.44008
0.319872
0.34554
0.721319
1.52783
0.0467976
0.119954
1.07234
0.318929
0.0736192
0.392494
1.08562
0.113587
0.200836
0.555347
0.122491
0.699152
0.28067
0.938729
0.23231
0.167967
0.144341
0.345351
0.248087
0.291443
0.0424172
0.277941
0.335296
0.37193
0.261496
0.292382
1.00763
0.117042
0.0435495
0.0547772
0.0329476
0.128694
0.588892
0.0341178
0.145097
0.215243
0.522151
0.312762
0.0246099
0.970963
0.221239
0.131253
0.215602
0.644699
0.821525
0.574068
0.634748
0.315029
1.35385
0.74467
0.0540256
0.851257
0.0551754
0.167727
0.0965392
0.575294
0.00542334
0.360156
1.1269
0.733123
0.0208278
0.292283
0.478794
0.12197
0.281112
0.579219
0.00347705
0.0460067
0.0988795
0.883547
0.0585882
1.1936
0.16679
0.23741
0.130574
0.018907
0.715666
0.0432324
0.198402
0.94856
0.47993
0.0652259
0.137104
0.0615907
0.130216
0.365615
0.118721
0.257821
0.544458
0.315089
0.489395
0.264719
0.151803
0.61274
0.157151
0.26209
0.178561
0.482936
0.213791
0.034913
0.0158586
0.268929
0.408938
0.0589644
0.0206227
0.524708
0.193492
0.319517
0.583876
0.148409
0.0913471
0.162082
0.469964
0.0268775
0.0200508
0.433962
0.0080965
0.129397
0.143358
0.829594
1.13715
0.0872308
0.220536
1.01746
0.102574
0.0731129
0.0347307
0.0111979
0.209236
1.22826
0.702466
0.0850589
0.558749
0.0933712
0.00129919
0.371047
0.161897
0.12976
0.420129
0.00861663
0.070455
0.0407061
0.0532503
0.0226144
0.0422416
0.163289
0.334513
0.357583
1.00267
0.178846
0.105974
0.252011
1.0726
0.714687
0.136338
0.49167
0.534407
0.230449
0.0285408
0.763399
0.220379
0.142104
0.173909
0.223844
0.105342
0.435
0.944294
0.273614
0.164913
0.152836
0.211033
0.357875
0.956397
0.504768
0.91156
0.190048
0.503955
0.388238
0.224384
0.0609301
0.00818883
0.0493674
0.212474
0.0762281
0.112482
0.415147
0.968873
0.0505114
0.71449
0.147701
0.19604
0.136946
0.336337
0.785767
0.726317
0.534571
0.842545
0.131264
0.644831
0.759098
0.188328
0.0520911
0.283897
0.012536
0.0293763
0.0584683
1.09515
0.782012
0.250335
0.144881
0.290625
0.534579
0.585937
0.979205
0.150006
0.482872
0.106886
0.880576
0.236682
0.157751
0.180602
0.243578
0.330354
0.292416
0.027588
0.0537911
0.972297
0.0106174
0.138973
0.338605
0.103043
0.450537
0.829486
1.52321
0.0699021
0.133277
0.273441
0.649673
0.0052127
0.00474855
0.893374
0.353527
0.320979
0.361082
0.301027
0.609434
1.26597
0.0440567
0.651866
0.280411
0.444003
0.151438
0.0567603
1.00888
0.0262763
0.166297
0.239012
0.495491
0.480949
0.970711
0.525886
0.128526
0.269694
0.572609
0.560398
0.0282296
0.247901
0.655342
0.212383
0.0335673
0.0270271
0.00958102
0.150867
0.137105
0.0164565
0.0518548
0.328238
0.179087
0.0671927
0.544045
0.902103
0.465401
0.349127
0.179131
0.0105553
0.600995
0.0552874
0.47388
0.189714
0.152885
0.219071
0.371779
0.193644
0.0571978
0.100097
0.00272346
0.211058
0.276643
0.0850945
0.322829
0.0318709
0.467593
0.699371
1.70915
0.626389
0.118385
0.111796
0.0687706
0.174346
0.019101
0.0812435
0.0951666
0.174582
0.702645
0.150049
0.0195108
0.0176014
0.176074
0.285443
0.106714
0.129547
0.0773223
0.94246
0.222355
0.0917129
0.0353032
0.573945
0.287403
0.0700311
0.217073
0.0745191
0.092471
0.146228
0.00861753
0.0906971
0.147341
1.13128
0.0817282
0.251787
0.367852
0.690558
0.894639
0.554541
0.781963
0.45146
1.08909
0.0530953
0.013859
0.714677
1.01536
0.0712478
0.0264992
0.479628
0.33804
0.981737
0.0870928
0.255134
0.148335
0.11164
0.229655
0.719011
0.313224
0.387352
0.187434
0.0391041
0.0388689
0.247193
0.0938561
1.30755
0.121136
0.593119
0.527061
0.111364
0.0572038
0.252261
0.126337
0.93012
0.0321359
0.363924
0.745182
0.180767
0.563851
0.172258
0.025225
0.333842
0.217849
0.0262279
0.173124
0.25358
0.153006
0.00402406
0.156134
0.50198
0.493225
0.297715
0.0260037
0.69549
0.289402
0.0570226
1.28016
0.753498
0.616601
0.0670253
1.76242
0.452691
0.258469
0.00522279
0.078654
0.299419
0.0310942
0.00816212
0.120814
0.409275
0.149675
0.64159
0.454629
0.644996
0.0158562
0.0369444
0.62391
0.113235
0.533501
0.057863
0.216579
0.23518
0.507208
0.8444
0.189893
0.598565
0.430185
1.64497
0.069759
0.306867
0.640949
0.536801
0.476831
0.175631
0.278689
0.012577
0.0130221
0.0340108
0.392776
0.641181
0.309348
0.740071
0.507796
0.616612
0.027368
0.190947
0.95007
1.02909
0.453074
1.82138
0.27123
1.53843
0.338972
0.00580009
0.897157
0.0161575
0.0508493
0.0219645
0.0846808
0.439502
0.106063
0.0894746
0.0920644
0.885464
0.0242652
0.162864
0.0917843
0.543368
0.687267
0.691323
0.0849993
0.791313
0.452375
0.0965815
0.0604439
0.946653
1.1517
0.1866
0.0615316
0.925838
0.333538
0.548781
0.213888
0.186902
0.113024
0.428867
0.0719774
0.0138988
0.495249
0.850801
0.171417
0.536416
0.543567
0.0712706
0.0801021
0.376405
0.256104
0.327307
0.0261045
0.148648
0.213491
0.296545
0.844884
0.370458
0.0302586
1.26149
0.23945
0.443059
0.289931
0.465185
0.407629
0.0806608
0.166895
0.237075
0.677027
0.0838344
0.603174
0.0430124
0.0861293
0.0168167
0.247745
0.0196961
0.118424
0.176188
0.197892
0.463319
0.413661
0.465742
0.000751468
0.175229
0.0911632
0.403691
0.622168
0.229174
0.33455
0.00147885
0.166598
0.411767
0.711999
0.152352
0.230782
0.29365
0.262115
0.236572
0.627478
0.870435
0.236612
0.419141
0.656712
0.623375
0.366186
0.367508
0.777425
0.930339
0.323181
0.395849
0.000546347
0.199046
0.0941799
0.144879
0.673657
0.286501
0.791546
0.038204
0.307669
0.183997
0.0898764
0.273985
1.3162
0.00277463
0.856306
0.0330188
0.0859915
0.0570598
0.104012
0.174868
0.0135762
0.102485
0.58791
0.0996259
0.67008
0.311618
0.0575587
0.0786599
0.841268
0.500539
0.165792
0.0523752
0.302206
0.0751956
0.241041
0.0545166
0.952322
0.269732
0.929353
0.153941
0.275832
0.0143231
0.337034
0.0580002
0.249394
0.412737
0.0463897
0.0947268
0.335596
0.00486149
0.0552788
0.124977
0.36575
0.672373
0.0967558
0.139248
0.599467
0.0649958
0.420287
0.135618
0.274538
0.0026769
0.127137
0.661656
0.517871
0.250914
0.260849
0.114736
0.451924
0.223548
0.113248
0.608643
0.764322
0.0518478
0.423434
0.190389
0.00401499
0.445122
0.203567
0.00303534
0.275086
0.340452
0.106916
0.301541
0.88527
0.167957
0.243537
0.057873
0.000228702
0.332347
0.442462
0.120152
0.0910292
0.899949
0.251385
0.922282
0.125859
0.777343
0.378565
0.0936531
0.691862
0.259172
0.176408
0.597277
0.13646
1.14174
0.308123
0.123333
0.0160251
0.214275
0.432752
0.116333
0.642228
0.646018
0.423983
0.44882
0.176787
0.721915
0.181638
0.218572
0.0725579
0.0992401
0.526044
0.494591
0.0242096
0.00719766
0.138516
0.0356024
0.178312
0.171531
0.142915
0.00401202
0.135171
0.69638
0.157486
0.700208
0.176773
0.128759
0.192964
0.0408404
0.429431
0.510343
0.16199
0.434064
0.0370984
0.133424
0.0608183
0.477393
0.960777
1.26195
0.155175
0.385492
0.268378
0.0953915
0.0577316
0.234682
1.15533
0.785581
0.270129
0.0188774
0.104265
0.779489
0.623599
0.300362
0.409267
0.390336
0.219359
0.496519
0.30033
0.167044
0.0384585
0.186322
0.173871
0.39038
0.690777
0.108513
0.614533
0.168925
0.270948
0.00846174
0.225064
1.88664
0.875314
0.531097
0.315514
0.201488
0.568684
0.0207429
0.367935
0.261273
0.171856
0.482368
0.459058
0.13605
0.169614
1.83859
0.32526
0.447424
1.22114
0.114538
1.03069
0.471103
0.444682
0.119074
0.0447746
0.0972842
0.0856789
0.176654
0.0665119
0.463383
0.278642
0.0598675
0.34427
0.144843
0.258166
0.131476
0.208577
0.309902
0.310537
0.0335975
0.128446
0.0773423
0.333682
1.4837
0.421539
0.00108914
0.25676
0.0928777
0.146199
0.36983
0.149835
0.0270026
0.126323
0.425765
0.156898
0.0119087
1.10165
0.38904
0.540345
0.0290223
0.271533
0.0392587
0.303324
0.024621
0.0170673
0.332312
0.067946
0.67299
1.46412
0.756315
0.404673
0.155175
0.0708071
0.333269
0.0831699
0.291685
0.811944
0.352766
0.0673583
0.00880661
0.321276
0.0262368
0.268624
0.489801
0.0215343
0.873407
0.032791
0.879094
1.02316
0.38752
0.421806
0.707888
0.152759
0.110292
0.474311
0.88804
0.269018
0.28287
0.503028
0.0722125
0.929854
0.355652
0.444886
0.290114
0.22604
0.302856
0.236325
0.234883
0.146049
0.416817
2.22499
0.124111
0.267395
0.00270822
0.585876
0.135536
0.0670725
0.710136
0.251489
0.0570159
0.335065
0.94846
0.234909
0.0205339
0.426645
1.15096
1.11377
0.100672
0.0357095
0.103355
0.0342321
0.197795
0.262121
0.260106
0.0464272
1.08253
0.137677
0.163445
0.194456
0.240349
0.112149
0.396672
0.106228
0.0568288
0.51178
1.48297
0.719205
0.202852
0.069425
0.407228
0.671728
1.00519
0.0344958
0.995644
0.21932
0.125072
0.257562
0.696169
0.540361
0.703427
0.723217
0.0884065
0.00465199
0.24109
0.724441
0.190645
0.55126
0.0732643
0.265564
0.322707
0.679883
0.0514732
0.186609
0.00613337
0.0068175
0.203385
0.0758908
0.193536
0.296259
0.0986605
0.0212351
0.248221
0.531428
0.0583252
1.18227
0.243042
0.532708
0.0655953
0.0464559
0.754646
0.0950398
0.381096
0.559959
0.859923
0.150928
0.105337
0.548581
0.190856
0.119418
0.170196
0.0492506
0.158401
0.615901
0.221793
0.812455
0.144056
0.284845
0.725812
0.335663
0.202716
0.695483
0.0559254
0.409171
0.520803
0.286431
1.48958
0.277439
0.00241925
0.0259889
0.703061
0.959659
0.75163
0.40178
0.0303577
0.97577
0.120212
0.00395093
0.369451
0.0607911
0.0105684
0.287913
0.814485
0.0483624
1.22034
0.207743
0.140881
0.511827
1.69647
0.522174
0.00775048
0.0673791
0.0169335
0.370447
0.261229
0.210145
0.0556348
0.707212
0.635911
0.216787
0.0581454
0.143514
0.200255
0.670931
0.00872722
0.0251345
0.104402
0.440859
0.259749
0.0186952
0.332091
0.0134816
1.22651
0.476883
0.810507
0.00468767
0.386912
0.0571738
0.11261
0.757182
0.211508
0.0361265
0.0833097
0.352925
0.0924665
0.552127
0.437084
0.302125
0.020329
0.784087
0.0418426
0.308205
0.0721975
0.15006
0.261348
0.0230915
0.763608
0.0298322
0.153733
0.30045
0.495812
0.0995698
0.07213
0.819056
0.0254016
0.0954817
0.896455
0.322681
0.233603
0.334338
0.160456
0.386641
0.192655
0.379951
0.0286077
0.400184
0.183156
0.216421
0.407457
0.958233
0.467991
0.416
0.773137
0.210646
0.0860084
0.752929
0.407753
0.294841
0.283206
0.00824223
0.130748
0.171998
0.0726813
0.663417
0.415846
0.173946
0.580924
0.714049
0.0726391
0.752244
0.395824
0.176761
0.820418
0.0125486
0.318066
0.447171
0.146686
1.73554
0.518051
0.944708
0.28145
0.0580727
0.275963
0.0581284
0.326331
1.16192
0.0835081
0.0203191
0.694868
0.302976
0.0536388
0.322607
0.474364
0.0288788
0.245443
1.14918
0.746335
0.0424757
0.154959
0.217188
0.938192
0.308429
