2
5
2500
4.60165
4.06577
4.69147
-3.45255
2.48634
0.423474
9.48706
2.60826
4.50831
1.04944
5.52738
-0.349531
3.25858
10.631
4.75673
5.54628
12.3917
6.07774
7.4026
0.871944
12.0066
7.30032
10.5706
-1.32838
0.656625
-5.57251
3.54073
1.4161
3.94264
-3.91804
-1.03022
-7.26916
-4.88619
4.78905
9.46965
-3.84434
5.96835
-2.99193
9.54327
4.99218
0.0617949
6.6324
-0.100804
5.05414
-3.7338
7.09391
5.51162
0.263171
0.162437
-1.91353
-6.02119
4.27038
-3.64002
-2.83129
7.74042
-3.14401
-3.9593
-3.8244
5.16688
5.10013
8.0154
-0.6217
1.79994
-1.06497
8.67115
7.39743
-3.03193
-3.49718
2.48996
7.73624
-5.04665
1.20558
-0.223045
8.17005
0.636048
4.41731
-4.45701
-2.92645
-7.01797
2.94639
1.52939
0.538885
1.80525
3.90364
3.78281
14.3046
1.11893
-3.938
3.90098
-5.82129
-7.13465
1.31858
10.0782
6.17324
-5.1735
-6.89799
0.452852
7.83397
-2.53229
-0.994869
2.62596
1.39606
5.19509
1.06366
6.63305
1.31526
11.565
1.45892
-0.929359
1.27657
3.42711
2.09399
4.78972
8.27485
1.77031
2.87296
3.48493
4.8682
9.23659
6.74826
6.75546
6.36971
0.430356
-0.550633
3.44777
6.23224
0.425079
-5.53463
-3.36226
-0.795395
-1.38657
-4.57871
-4.28537
3.61177
2.78913
-1.51084
7.5238
10.5315
3.78147
6.86367
-4.58708
13.7625
7.52403
6.08893
7.38884
8.76438
9.4154
-6.85475
-1.44961
1.10031
2.18657
4.66655
-4.40678
-2.46175
9.01449
2.20761
0.287612
8.76009
3.57648
-0.948573
5.64614
-1.93534
5.28422
-3.78101
12.0274
12.1824
-0.169339
-4.46196
2.25967
2.2708
7.05428
0.703765
9.69571
-6.32894
-2.21579
-3.64058
-0.488934
16.7265
-2.09972
4.1228
5.63134
11.3369
4.10261
-0.602578
4.67615
5.40484
-0.0782246
-2.42285
7.445
-1.67403
-1.95426
-2.71239
5.83792
-4.92858
4.46097
-10.7551
-1.75135
1.37334
0.30702
1.75722
-0.188257
-1.86727
0.64595
-2.33352
-0.457037
-1.61564
1.93121
-0.197303
1.52348
4.66771
-0.547669
6.56201
-0.413544
1.07082
4.37436
2.45582
2.56883
9.44125
-7.19038
-0.502985
12.6032
7.52988
-2.6134
-2.36679
-0.476673
3.32048
-2.90584
-0.191467
-2.26007
5.46754
1.42257
6.12264
7.20244
-5.92444
4.46014
-0.65762
-1.8632
-3.01177
-4.43021
1.45484
-2.13605
-0.823291
-2.88212
-0.865856
9.07446
7.99278
-2.73526
-6.88389
-2.11109
-4.22163
2.00968
-6.31619
1.72628
-6.73503
3.39401
4.62401
-3.43517
3.58472
6.77458
7.07001
7.71106
-0.734169
10.3566
3.80747
2.4077
12.3438
0.574051
8.00879
-3.86386
0.247498
-1.77182
2.12328
3.51259
4.4844
-3.48063
10.5888
0.716579
1.27543
2.11013
-1.83395
5.79051
6.72131
10.8049
8.1261
3.78005
2.36068
7.25893
7.66066
-1.35567
-4.55207
1.89279
-2.79904
-5.77516
9.46684
-2.90937
-5.47947
-6.76038
5.20559
4.82366
5.67013
4.17809
0.0360616
-6.81757
-2.21606
-1.77241
9.13799
11.3806
-1.77014
-1.92333
-3.18073
4.25592
15.3936
2.2843
3.30126
-8.15523
3.8405
3.84898
-0.207418
8.68836
4.88174
-3.83389
6.75846
-2.16094
-5.97531
1.27873
-1.3844
4.90301
13.0666
-1.3444
-1.36628
3.48901
1.1856
-1.03728
1.15379
1.12946
-0.089891
-10.3655
3.0182
-5.54873
-0.674031
-2.15784
-3.28643
1.25359
8.20802
5.70107
6.20014
-3.781
12.1351
1.17178
11.7788
2.63727
5.11293
-7.32111
-4.63694
4.20724
0.632905
9.03249
6.31061
9.70718
1.37083
2.94756
11.5299
-5.2863
-4.94783
3.12639
-2.13388
3.34941
5.75843
-0.947536
1.80007
3.7684
-7.7063
0.829954
-0.329326
-0.857588
-3.1278
9.25381
14.3258
-0.513854
-2.31576
6.29352
4.23841
6.20735
9.46556
-1.84298
0.785392
5.47576
1.94864
1.7955
8.21061
7.89612
1.69151
7.22838
4.69906
4.27632
-4.0852
13.8162
-9.65031
0.829075
1.72075
5.7087
2.56639
-7.40124
2.98017
3.35764
1.03249
-4.79948
2.14124
7.6334
12.5335
0.647663
10.898
8.02583
4.45982
-3.02819
5.03981
-1.73875
-0.955568
6.10072
-3.11769
0.600308
0.412602
7.25571
9.3429
-4.64237
-5.45338
6.77609
-8.81602
12.6422
6.3946
7.45775
5.47476
-1.63108
5.5762
1.69677
7.00145
2.33559
0.13008
-1.76081
-3.13668
2.41608
1.45895
-0.781663
1.49676
4.70786
2.27224
8.46713
6.87719
-0.319572
4.24792
10.3253
1.23183
4.40448
-0.820938
5.34908
7.69807
3.0299
1.24581
-10.7628
-3.43506
-0.338402
0.577996
-2.17367
0.0139643
-4.74695
4.86421
1.17139
-6.39875
-5.65542
1.35237
-0.764483
-1.59964
1.01543
-1.68455
-3.17657
-3.14638
5.1729
1.80572
10.2397
-5.34982
8.28326
-0.477681
13.005
7.94217
8.29369
-3.7686
-2.3543
-1.67191
-1.14918
6.91753
4.6328
4.72109
0.513653
-5.79873
3.73312
17.3464
-4.22361
5.69263
2.41367
10.3346
-2.46332
4.2448
0.443301
9.12111
2.67158
0.512013
6.23525
-0.29159
6.22924
10.1941
2.40548
0.910511
3.95254
5.74375
3.99572
5.34282
0.576931
6.65848
-5.51708
9.39854
6.45131
0.293882
6.47203
2.8401
7.01394
5.0395
2.38138
4.02746
2.31661
9.00941
6.28777
2.09735
-9.80593
-4.583
-4.64609
1.2809
0.739906
4.58663
-2.97307
4.26135
0.288238
-0.273726
7.81313
8.89289
-6.65365
-0.888769
-1.18453
0.509664
6.16051
5.91504
4.23227
2.36415
11.1822
0.459425
2.34791
7.78418
9.03369
-2.44656
1.83458
3.59419
3.5066
-2.33622
8.78385
-11.2925
-9.44829
-3.2681
2.66077
-2.43872
3.21873
-9.25351
2.11475
-0.962242
1.5024
8.57264
4.60546
5.64746
-2.65504
6.50163
-4.40317
-0.931292
0.863894
3.00191
5.05009
0.546296
8.17566
0.471383
-4.86943
10.5494
-7.02734
-1.0896
-0.509902
7.70062
9.06972
-3.07977
0.365875
3.10133
15.2112
0.238
4.29394
1.54203
3.30723
7.00343
2.36103
3.24944
4.10839
5.54201
5.40888
2.00631
7.48165
5.17686
1.70065
1.81984
-4.61002
-1.03942
1.80179
-2.08241
0.186418
1.38577
2.2513
5.64809
9.28439
2.60406
10.1148
1.30326
-1.91828
-0.647991
-1.22078
2.1462
10.6121
8.97011
1.60591
0.928652
-2.58324
2.85749
7.23627
4.27315
3.17627
-0.855002
7.97396
10.9575
2.45433
5.84162
-1.05065
-1.68922
-1.97471
0.450717
4.30425
11.2379
-1.7771
4.12998
0.42999
2.49995
10.1804
-0.604555
15.061
4.38877
-2.81085
3.92733
6.30496
5.79174
3.74261
6.54294
3.69285
2.62443
3.81916
3.51533
4.80916
11.1621
9.53424
4.57883
3.37855
-8.61624
1.69099
1.23382
6.58191
2.6171
7.18856
5.50812
5.43296
4.74351
2.10089
4.44637
10.9282
3.00554
0.727346
6.80289
-4.08927
9.18169
4.24687
-3.86069
-2.62779
-1.01549
4.18426
3.21166
2.26557
8.00787
5.48275
-1.00412
7.21928
-2.45572
4.66411
2.29106
11.4101
3.30473
6.72047
4.77654
5.5649
1.75156
3.68201
0.624317
5.40518
2.79674
-1.2151
10.9068
5.69231
9.2843
10.147
-1.70055
2.17107
2.88086
10.3246
-2.6268
4.39898
3.31601
-12.6022
-0.978705
-2.46725
-6.2
5.92797
-0.284392
1.51458
1.20873
0.211054
1.56734
4.61921
6.63755
4.96755
3.50295
5.0024
15.1232
-4.774
-0.0100127
5.72935
2.51944
9.32256
5.68457
-1.7694
0.0114871
1.76585
6.1266
-0.445466
2.30519
0.365194
5.91665
3.49144
1.35449
2.433
8.35218
0.544696
1.5005
4.34677
-1.07619
4.13345
-1.88051
1.57539
1.01722
5.98631
6.80543
-1.03817
-3.66372
10.3504
-2.62481
-1.02007
-7.68008
2.89878
5.81072
9.39173
2.07781
-6.88039
7.60212
-11.5189
-1.12614
3.90959
-0.0326654
0.796067
2.93819
-3.36294
3.84357
10.8326
5.39565
9.40417
-3.46031
-4.20818
-0.317513
-2.51535
11.8928
4.08523
-1.67253
-12.5192
1.71358
-5.29474
1.25822
3.69068
0.69453
-4.82542
0.660109
-4.55316
1.16971
-4.14296
7.00082
-0.87346
8.68729
-0.20283
4.36377
-7.1533
7.52256
-1.29743
4.00274
-5.38462
6.10989
0.849089
-2.74701
5.15367
6.43836
-5.19693
1.15346
-0.760185
2.4992
1.14808
3.70056
-1.59057
9.75919
4.27823
2.21583
7.9863
4.70755
10.7794
-3.52813
5.42436
-1.40138
1.90852
-3.87586
0.70069
-7.27833
8.24621
8.37861
1.91224
3.93477
-3.74531
4.59124
-8.44057
3.46619
-1.12801
11.3079
-0.576457
9.81887
3.09795
8.64506
4.3706
3.40421
-2.73788
10.2634
-2.81075
-6.29549
4.19343
2.37673
5.17625
6.29526
-3.50594
1.62562
3.0852
3.60594
4.23352
7.78264
-2.01594
-5.58901
-0.79894
0.563469
4.82699
-0.457745
6.48095
1.32918
1.34205
0.147139
6.26083
2.31868
-1.77857
-1.1829
1.0229
0.427948
1.48396
5.34648
-5.21084
1.04146
-1.62938
2.65519
6.16425
0.626039
7.02128
1.94587
3.4505
2.74355
6.23606
3.21344
-6.00386
8.16194
2.03739
2.68004
1.08462
-3.06535
1.40143
-1.70352
7.68622
7.98651
6.42216
9.69578
3.71604
0.649817
9.46286
1.50094
1.03274
2.33374
7.45514
0.94377
12.3461
-0.322311
3.10278
0.900149
5.44192
8.51542
2.46246
-0.0117731
0.652409
3.12971
-0.579936
-6.56028
1.12901
4.01008
0.123717
1.64588
-0.479951
-1.88674
-0.528417
1.28034
-3.37913
-1.44136
3.68187
-5.89185
1.42276
-0.514947
-2.45412
7.53437
1.14969
7.01693
-3.0738
1.10425
-2.81531
7.89911
4.97433
5.05646
4.7999
-5.53444
3.40435
4.74591
-3.50687
4.07749
3.30697
5.56982
-6.08245
3.65414
-8.10588
-3.51704
4.79569
-1.71465
5.64234
-3.82717
3.95927
8.3178
-7.56943
2.49516
-0.876761
-10.1178
-3.86036
1.73854
10.8065
10.6054
4.30862
2.69215
1.73067
3.07744
0.110436
-0.317371
1.75372
6.92299
1.47367
3.77025
-1.1694
-2.47719
6.86809
-1.98066
0.55514
3.55065
2.16372
4.13485
3.87352
4.26227
2.09932
9.74926
1.28195
2.77032
-0.324646
2.68849
5.22452
-0.767605
13.8514
-6.02328
0.210317
13.776
0.204074
4.01541
-11.0317
12.2366
-3.69853
9.85455
2.77506
11.9468
-4.82172
3.57924
4.65635
5.4077
5.37196
13.0943
4.92567
-8.73765
1.92447
-0.523709
4.73301
4.267
-8.32633
6.77196
0.0265704
5.67619
-7.57331
-0.915818
-0.108599
0.39386
7.82995
-2.98507
0.467372
2.54125
5.02363
-2.67614
9.07988
6.97675
6.46489
4.45009
7.753
1.01376
2.26282
4.67797
0.383589
-0.37253
-0.98116
9.9083
0.604467
-2.42216
-4.10407
-5.31205
1.76315
-3.75763
5.50231
-2.46717
6.36538
6.35291
5.23232
0.774735
-2.15428
3.38847
-1.23309
4.26657
4.95568
-4.53453
4.45612
3.54496
-1.44509
-7.94146
-5.31847
8.15611
4.32519
9.39864
9.9261
-1.18092
2.99837
3.42729
1.89819
2.3259
2.14085
-3.99898
0.63057
-3.47284
-4.04445
0.733954
-0.024353
-5.67514
2.7003
11.9008
0.108061
4.59764
2.73637
-0.190448
3.26287
1.09446
1.70555
4.435
-3.29085
0.80345
-4.86918
0.943652
7.93597
2.40198
-1.04756
-4.75421
4.53867
-5.11431
4.5938
4.37875
-0.466317
-4.21872
-0.68193
-6.26221
2.25169
1.89611
5.96955
-7.95151
6.42074
-3.5896
4.58792
1.4434
7.85973
1.67744
4.95824
-1.03244
-4.91339
-1.73245
6.70243
2.98276
2.61793
-0.586055
-4.87465
-5.02096
0.0644738
0.372628
4.49716
2.17339
4.44069
3.76376
-4.86506
8.41527
0.0150194
-7.00566
-1.38145
14.8649
-0.594514
2.45403
1.21244
-3.45726
-8.33153
2.02428
13.0564
2.57265
-2.90464
4.25122
4.40042
-10.5216
7.3292
-2.4577
4.29769
2.88195
-6.12619
0.991087
1.44585
7.19574
6.08337
-5.15835
0.270154
3.44621
-3.69538
5.26874
0.235849
0.670587
-2.5845
-1.04421
-1.87135
-4.11863
-0.424788
4.76144
2.30132
2.27
-4.71064
10.2544
-1.19326
-4.66659
0.831012
-2.75994
0.970296
7.22416
8.85116
4.69348
4.53373
8.46861
4.10083
11.1257
-1.73957
14.2592
11.7571
4.18859
-1.10233
-4.20334
-3.43592
-10.5133
4.1118
2.82669
8.67384
10.4966
3.18489
-1.20943
7.24454
3.24566
-6.05636
-2.12001
4.80744
4.10805
2.60884
5.75209
4.96539
-3.22072
3.58174
5.49668
4.27303
0.0165781
2.31586
3.90425
-1.08716
-1.71517
-3.9386
-2.0853
8.04545
2.85402
-1.93355
1.09144
-1.85907
3.71435
-3.56677
1.28358
11.4529
-3.35278
-0.452427
6.99311
-2.32759
5.62938
-1.50214
11.2694
-11.4481
5.8192
0.566141
-1.90335
-2.07494
-2.31776
9.36934
2.12963
-3.02059
7.44558
-0.494005
8.17076
-4.01545
5.02911
3.67778
5.49278
2.83086
-0.00561274
-12.3029
6.90447
4.40137
-0.880101
-1.14701
7.79641
-0.725877
-8.78686
8.25787
3.05814
7.2948
11.2447
-4.22884
-4.04377
10.9237
1.30875
9.4212
0.19324
2.26016
-0.800364
11.6196
6.84636
-5.49306
6.29189
6.2226
-0.0316559
8.4701
3.32922
9.99949
0.729826
-2.65174
9.94446
2.66438
0.665936
5.49477
-1.31147
-3.37851
4.02634
-0.188991
8.15771
7.01116
3.26447
0.660616
5.18656
0.0932709
2.98443
3.26913
3.22939
-4.80301
4.05794
-1.35329
2.50708
13.4848
1.77819
15.0657
0.0989842
2.84452
2.80001
-0.289783
-9.21338
4.78019
4.59786
2.19501
12.1487
-3.35156
6.06797
8.55491
0.818815
7.67348
-5.49403
4.24449
6.04027
-1.60639
1.54543
2.46662
0.616964
11.331
-0.823847
3.41182
6.37446
0.206395
7.5019
6.15138
4.2952
3.98124
4.89749
6.64224
6.26981
-2.29485
-4.85626
12.4862
-0.409721
-10.4593
3.39691
4.6959
0.423688
-6.42626
10.2276
8.42274
1.16112
5.00699
2.20806
5.98796
-0.572815
8.94676
5.30738
6.92462
-8.36899
2.10863
-1.74057
-2.59476
-6.00754
11.518
2.6892
3.18447
7.30325
0.0600859
6.12497
0.774117
8.24356
5.46718
9.09552
-1.53633
4.67027
-10.9181
6.40592
-2.90962
0.810493
3.51501
-4.26183
-0.309398
8.38097
1.22963
-1.72036
7.04172
7.99353
-8.04354
2.29545
-3.34102
7.77913
1.36573
-2.23633
0.249692
-3.02309
7.40468
-5.29315
-5.14732
2.02608
1.22028
5.74223
5.59495
-0.965544
6.89095
1.57586
3.24348
1.45278
-3.34598
6.67749
4.32753
13.4029
6.34057
1.51367
5.75086
5.83613
6.75625
-4.14551
10.3988
6.69715
-4.05505
-0.538707
-0.475806
9.50588
-6.32263
4.0836
3.94768
-0.68481
6.22525
3.50671
2.14869
3.66363
6.06367
5.53248
1.22337
-1.25328
3.41133
-0.166682
4.05233
5.65759
12.2578
3.96679
0.487018
12.7979
6.1691
-3.73609
-1.64789
2.11639
8.33644
2.76093
2.33972
-0.817908
-0.549366
1.00004
1.11584
-2.67268
-0.763326
6.15224
6.46507
6.94284
3.12019
1.30217
16.926
-1.74323
10.2868
0.794728
6.18279
-5.42339
5.29645
0.487085
3.49294
-1.03762
-2.44695
4.11124
-3.97807
3.14841
1.40249
4.6212
5.4817
4.05143
2.94313
-0.0876721
5.52575
2.41355
-1.15135
-5.51963
6.30049
-1.58582
-0.475132
2.3079
9.0057
2.38823
3.36158
-6.34128
-1.81595
-0.464804
3.17265
5.00476
11.139
3.2439
5.90364
-2.35433
-0.429045
-6.28512
1.86709
8.8086
-1.80041
13.2337
5.31881
0.600153
3.81916
0.292209
-0.616647
7.5006
-0.728624
2.48818
6.74902
6.53161
3.32564
2.68274
3.68351
-1.12582
-1.31696
-0.744406
-0.552866
6.00245
5.4596
2.11267
5.73852
6.39351
2.26563
-8.25491
0.857271
-3.80426
-1.64497
-6.86941
-3.45786
4.92089
12.2476
3.01469
6.76575
5.71564
-2.23687
-3.75658
12.3821
0.528658
-3.57559
1.47097
2.44693
0.590405
-6.4825
3.88726
11.4287
7.90034
8.6679
4.17385
-3.81533
0.723737
-5.20467
3.91154
4.00002
2.8739
-3.50071
13.4836
-6.99119
1.05675
2.82073
-5.99556
-5.01917
4.76382
-3.34041
3.68269
5.95431
-1.82586
-5.42654
-4.7879
-3.34421
7.29503
-3.19172
-0.755952
8.08455
-2.21114
-6.12095
6.43877
5.07809
-1.60268
2.3805
-0.322412
10.0668
12.603
5.0293
1.40714
7.01803
0.261047
1.02012
-3.71529
-3.53668
7.23595
-2.46137
-2.97821
3.97359
1.40108
-0.487615
1.3154
3.37605
-6.98352
10.2491
3.46904
-0.63083
5.64027
7.30218
5.09444
-3.33129
-1.27123
12.6213
1.63488
3.32069
-2.24027
3.769
2.06873
-4.30069
7.67983
5.42649
8.45607
8.25143
0.493002
3.6975
3.74652
0.0448105
-0.693925
-0.632064
1.70832
3.76775
-3.51319
9.31184
7.68498
1.64863
-1.15098
3.28302
8.0618
0.150687
3.72675
2.30519
3.67941
9.54371
8.06419
7.17399
10.4705
9.17683
6.42338
-1.38145
0.723969
0.56516
1.82921
-1.65621
8.66663
8.5624
-3.55019
0.792271
9.58132
-1.51584
11.216
7.71166
5.40666
2.93721
4.12773
2.02343
8.68474
-7.32776
-1.39854
7.3592
0.110104
-0.349674
4.52871
1.82853
-9.27092
8.01729
5.40718
-2.7578
6.80006
-3.94701
-1.41783
2.20098
-5.95128
3.35867
8.89391
-1.30909
1.93694
2.01111
-3.1654
-2.40601
4.25928
5.21441
1.09687
-0.138987
5.73207
-2.30122
5.67162
-2.12219
5.22155
8.46144
7.78792
-1.68586
4.36677
5.62991
12.9227
3.14179
3.28861
7.63763
2.99271
6.11103
1.25381
-8.34949
0.451181
-5.12061
-0.0678506
3.29283
3.53621
-1.84346
0.188197
10.1475
4.80927
-0.983984
-2.1244
1.4457
-6.97593
1.41432
4.3154
-2.31333
-1.60018
-1.73879
7.41084
2.33135
-1.96425
1.46543
0.974081
-1.73937
5.62239
11.2716
5.09199
-1.03621
3.46028
-0.898033
-0.953205
9.2682
-1.04419
3.1792
-0.272953
-6.35014
-2.32252
11.0673
-6.57789
4.86972
-12.5987
2.34746
-1.48601
0.276677
-9.41208
0.554401
1.18112
7.61198
2.38821
3.65174
5.77654
4.33237
8.2617
-2.08358
8.47665
-0.436465
-2.12881
-2.44285
1.49421
3.06538
2.36513
0.894417
6.19442
-1.47658
5.30662
8.94998
8.74724
0.41828
7.00445
1.12622
3.38723
2.10005
3.46308
1.68397
7.16802
0.339507
-7.03926
-2.0725
2.68393
-3.50455
2.87989
3.88913
-2.78019
9.32789
7.51173
0.133406
-2.95608
2.71945
-4.12219
4.09514
3.16586
0.344375
-7.1602
5.44825
0.059481
-0.440235
1.57343
-0.0389188
2.61491
0.469017
1.14557
5.8163
4.86882
1.0626
6.02236
-0.727096
-8.41744
0.575748
7.26355
4.0659
-10.5868
6.47781
3.63998
3.0052
-3.88394
4.55834
3.05738
-1.35856
7.12082
-3.60977
5.52127
1.15692
8.68063
5.44656
1.77981
12.4324
5.7184
-4.27359
2.6987
5.85846
-1.69876
-4.49352
-0.201542
0.807835
1.32935
-3.8098
6.89991
1.90776
-1.84874
-2.23457
-4.63832
-1.11045
1.79121
1.48757
-4.55567
10.7492
10.0344
-7.91793
-0.567872
15.1807
5.16188
7.43543
-10.6494
-8.88459
-5.9612
-2.61352
2.83243
3.33435
-0.778336
5.92236
-0.523414
8.51768
1.73765
-4.0511
3.47956
-13.3618
7.17536
6.1816
-3.48247
-0.948101
2.97252
-1.55183
1.72231
-4.00222
6.35316
4.57221
5.91451
1.49657
-3.12509
5.97134
-1.26664
8.29284
2.29321
1.59917
-3.21826
0.282636
5.68805
7.46451
-7.18493
-0.636347
12.0719
2.18592
4.03185
2.97145
-2.91572
-1.89522
8.7667
2.04016
3.48272
2.27281
5.12545
2.62245
-2.57033
4.8848
1.88672
1.95591
3.00926
11.1451
7.29398
5.43742
6.05175
2.97834
-4.93903
4.80995
1.52426
-2.015
-10.3019
-4.26252
1.37005
-3.3367
1.71497
15.2313
3.34666
0.476682
3.00003
5.04014
-0.111468
-0.954642
9.32913
9.61926
1.94599
1.75619
11.4087
1.09717
7.40809
5.60057
7.6769
8.05547
2.39139
1.80794
-7.1066
1.68483
6.65278
-4.0554
5.48514
1.54638
-2.76451
-2.49768
9.41441
-1.42843
0.646172
-2.70232
1.73526
-0.778549
4.88993
2.72923
-4.34426
0.100032
5.76003
-6.41412
6.69332
6.91764
5.53034
1.24499
2.60098
9.19133
0.350902
-3.47231
2.51279
-2.1512
3.83343
4.14329
-8.67336
-3.70132
-7.07882
7.82766
6.39886
3.20667
10.9027
-1.71997
13.7983
0.960426
3.61599
0.685915
0.891036
6.46606
4.14666
0.0423966
-3.3823
8.2374
-1.13099
1.00585
8.74839
-7.33099
7.58245
2.21873
-2.37374
0.568501
4.10822
3.18438
1.9739
6.74849
5.94524
-2.23991
0.422665
7.506
1.17912
9.09363
-4.67159
3.37953
7.67986
4.32604
-6.03687
4.1183
3.30024
0.444134
-5.41415
-1.31499
3.61277
1.59714
-1.11644
3.73418
6.60269
0.77463
0.0251617
10.4531
4.98652
4.78268
-1.55483
5.27358
0.566424
1.40395
2.30756
-2.62136
-1.4404
-0.24984
5.19701
6.99587
2.98622
1.14141
-0.101186
3.62907
-0.671989
6.60383
10.2176
0.0984917
10.3957
-2.3902
5.67975
7.18339
1.46253
-0.593072
-1.37281
6.57759
-7.10485
0.680376
9.04933
0.547974
3.88918
5.75297
-0.648348
3.04665
5.74824
8.16807
-1.23648
11.5756
7.61667
2.12384
11.1531
6.10999
1.97501
0.434603
0.3558
0.221578
-0.512293
7.75328
-5.53148
7.15263
7.77938
-3.96128
10.0096
2.25437
3.9689
3.90925
6.88905
7.51498
-1.93225
5.8907
7.9689
8.67712
5.59122
3.54896
3.48898
0.381941
0.791815
5.82556
-0.563098
-1.21252
8.37333
-3.36277
-3.05887
-0.235487
-0.858943
0.149514
1.87015
1.65775
-6.88622
1.69311
3.09901
3.07282
6.61377
11.5128
-0.149243
6.26398
-4.08822
3.91067
2.67762
7.69273
1.3859
-4.42396
3.56306
-2.33674
2.72459
4.39305
3.3591
1.17221
-0.334521
9.67261
3.09637
0.841775
2.79278
3.05107
-1.73316
-0.615664
6.57315
3.82417
0.916406
9.35082
3.58006
4.16307
-6.29486
9.41249
9.10887
1.74566
1.86941
-5.64162
-0.0551492
0.761783
6.91398
8.25926
4.86929
1.3327
0.395264
1.74447
-4.86176
-7.19568
-6.19145
-2.821
-0.285011
2.73644
1.53265
-1.56453
6.61026
-2.66132
-2.03004
-2.39231
2.71874
3.49261
1.68179
6.96952
14.2784
1.85409
8.04296
2.59816
-5.02839
3.5602
-2.39723
6.43912
3.11008
2.1762
12.196
2.1858
0.493289
0.514325
3.35089
-5.08032
6.69562
-4.48559
-1.48102
1.99783
-6.99207
1.69671
-2.10323
5.48325
-1.32834
-1.08918
-0.757371
7.14454
3.76815
0.853209
0.12848
6.86024
-1.22922
6.117
7.11709
4.78293
6.58183
1.17704
-1.61675
10.2888
3.78096
0.497483
5.76094
-2.14098
4.36574
0.904448
7.30095
10.5466
-2.84867
2.82317
6.74517
2.37056
7.17616
-4.07273
5.53331
12.8043
-1.51049
6.45378
-7.27704
3.92113
-3.06844
3.2684
-0.792215
5.05954
-0.41487
8.72424
12.2084
7.478
9.01019
8.06275
1.23511
7.14305
1.58915
16.9111
11.9117
2.18407
11.5377
0.24379
-1.9129
7.62065
-0.973259
5.32415
1.4806
-5.94334
5.96445
-3.17677
5.87269
0.790698
10.7312
3.71518
7.61157
2.82803
5.43209
4.4367
-4.54577
-0.791
4.17999
3.71501
4.48145
-1.44367
9.34012
-2.83324
2.25492
3.7236
9.91657
-2.37622
4.33889
-2.62445
-1.70234
4.04204
-2.29115
1.28614
8.20834
11.3706
-0.403605
2.78076
1.13579
-6.25135
-2.53081
4.83872
0.677557
15.8292
0.845615
8.64383
0.276267
-0.541404
5.23146
5.5677
0.811901
2.9763
-1.78761
2.17087
1.37366
1.39956
7.07115
3.04282
3.3064
1.9951
12.0931
2.05191
8.80519
-5.92379
0.101236
-9.85501
0.337176
6.08468
-3.18949
1.42624
5.77564
2.17543
1.75512
2.50748
-4.3841
5.86577
4.43541
1.19571
10.5877
1.74655
-4.77076
4.84582
9.89056
-2.61682
-0.449619
-2.79275
7.67053
-1.78669
5.33729
2.13173
0.928663
1.58659
4.30976
-0.326753
8.81053
9.37631
16.1458
-1.09335
-1.2405
2.0632
2.73766
2.01434
1.90535
4.21725
8.93349
3.11414
6.83535
-0.434104
1.77389
4.61183
7.47615
-1.59143
9.28108
3.39381
2.92376
-1.94996
-0.761553
8.98731
3.35836
1.37724
7.32746
-3.36053
1.94652
-1.16932
9.94844
5.56037
-0.251201
-9.02601
0.888796
7.43473
0.554026
1.01227
-0.053058
-0.481035
-3.13768
-6.41494
4.91528
2.67031
5.51154
-2.5076
10.284
6.9985
-7.61776
8.9371
8.04745
-3.28135
-3.5213e-05
-0.433131
-1.70666
1.2269
0.685841
-2.44967
7.04467
0.567395
1.18396
2.63106
4.26548
8.91578
3.0363
-9.86653
4.1744
-4.16592
3.98069
4.91592
0.686242
1.0548
-4.49816
4.30856
14.0417
-5.02049
3.04515
5.65869
-1.96704
0.943867
8.67415
-3.68909
7.72081
-5.03772
-0.703645
3.66977
0.876333
0.879593
5.29516
2.07628
-1.53147
-0.767084
3.93859
9.02474
7.50756
6.92753
1.53464
0.315295
4.82348
-0.295281
4.02013
4.3925
16.3104
4.82574
5.77844
0.113387
3.92151
-2.13084
4.81121
6.11978
6.34726
7.43826
5.6111
10.6062
-4.13029
-3.32339
12.7596
